 VARIABLES="xp ","yp ","f ","surf " 
 ZONE F=POINT 
3.399997 2.001680 1.000000 0.003360 
3.399984 2.005040 1.000000 0.003360 
3.399959 2.008400 1.000000 0.003360 
3.399921 2.011760 1.000000 0.003360 
3.399870 2.015119 1.000000 0.003360 
3.399807 2.018479 1.000000 0.003360 
3.399731 2.021838 1.000000 0.003360 
3.399642 2.025196 1.000000 0.003360 
3.399541 2.028555 1.000000 0.003360 
3.399427 2.031912 1.000000 0.003360 
3.399300 2.035270 1.000000 0.003360 
3.399161 2.038627 1.000000 0.003360 
3.399009 2.041983 1.000000 0.003360 
3.398844 2.045338 1.000000 0.003360 
3.398667 2.048693 1.000000 0.003360 
3.398477 2.052047 1.000000 0.003359 
3.398274 2.055401 1.000000 0.003359 
3.398059 2.058753 1.000000 0.003359 
3.397831 2.062105 1.000000 0.003359 
3.397591 2.065455 1.000000 0.003359 
3.397338 2.068805 1.000000 0.003359 
3.397072 2.072153 1.000000 0.003359 
3.396794 2.075500 1.000000 0.003359 
3.396503 2.078846 1.000000 0.003359 
3.396200 2.082191 1.000000 0.003359 
3.395884 2.085535 1.000000 0.003358 
3.395555 2.088877 1.000000 0.003358 
3.395214 2.092218 1.000000 0.003358 
3.394861 2.095558 1.000000 0.003358 
3.394494 2.098896 1.000000 0.003358 
3.394116 2.102232 1.000000 0.003358 
3.393724 2.105567 1.000000 0.003358 
3.393320 2.108900 1.000000 0.003357 
3.392904 2.112231 1.000000 0.003357 
3.392475 2.115561 1.000000 0.003357 
3.392034 2.118889 1.000000 0.003357 
3.391580 2.122215 1.000000 0.003357 
3.391114 2.125539 1.000000 0.003357 
3.390635 2.128862 1.000000 0.003356 
3.390144 2.132182 1.000000 0.003356 
3.389641 2.135500 1.000000 0.003356 
3.389125 2.138816 1.000000 0.003356 
3.388596 2.142130 1.000000 0.003356 
3.388056 2.145442 1.000000 0.003355 
3.387502 2.148751 1.000000 0.003355 
3.386937 2.152058 1.000000 0.003355 
3.386359 2.155363 1.000000 0.003355 
3.385769 2.158666 1.000000 0.003355 
3.385166 2.161966 1.000000 0.003354 
3.384551 2.165263 1.000000 0.003354 
3.383924 2.168558 1.000000 0.003354 
3.383285 2.171850 1.000000 0.003354 
3.382633 2.175140 1.000000 0.003353 
3.381969 2.178426 1.000000 0.003353 
3.381293 2.181711 1.000000 0.003353 
3.380605 2.184992 1.000000 0.003353 
3.379904 2.188270 1.000000 0.003352 
3.379191 2.191546 1.000000 0.003352 
3.378466 2.194819 1.000000 0.003352 
3.377729 2.198088 1.000000 0.003351 
3.376980 2.201355 1.000000 0.003351 
3.376219 2.204618 1.000000 0.003351 
3.375446 2.207878 1.000000 0.003351 
3.374660 2.211135 1.000000 0.003350 
3.373863 2.214389 1.000000 0.003350 
3.373053 2.217640 1.000000 0.003350 
3.372232 2.220887 1.000000 0.003349 
3.371398 2.224131 1.000000 0.003349 
3.370552 2.227371 1.000000 0.003349 
3.369695 2.230608 1.000000 0.003348 
3.368826 2.233841 1.000000 0.003348 
3.367944 2.237071 1.000000 0.003348 
3.367051 2.240297 1.000000 0.003347 
3.366146 2.243519 1.000000 0.003347 
3.365229 2.246738 1.000000 0.003347 
3.364300 2.249953 1.000000 0.003346 
3.363360 2.253164 1.000000 0.003346 
3.362407 2.256371 1.000000 0.003345 
3.361443 2.259574 1.000000 0.003345 
3.360467 2.262774 1.000000 0.003345 
3.359480 2.265969 1.000000 0.003344 
3.358481 2.269160 1.000000 0.003344 
3.357470 2.272347 1.000000 0.003343 
3.356447 2.275530 1.000000 0.003343 
3.355413 2.278709 1.000000 0.003343 
3.354368 2.281884 1.000000 0.003342 
3.353310 2.285054 1.000000 0.003342 
3.352241 2.288220 1.000000 0.003341 
3.351161 2.291382 1.000000 0.003341 
3.350069 2.294539 1.000000 0.003340 
3.348966 2.297692 1.000000 0.003340 
3.347851 2.300840 1.000000 0.003339 
3.346725 2.303983 1.000000 0.003339 
3.345588 2.307122 1.000000 0.003339 
3.344439 2.310257 1.000000 0.003338 
3.343279 2.313387 1.000000 0.003338 
3.342107 2.316511 1.000000 0.003337 
3.340924 2.319632 1.000000 0.003337 
3.339730 2.322747 1.000000 0.003336 
3.338525 2.325858 1.000000 0.003336 
3.337309 2.328963 1.000000 0.003335 
3.336081 2.332064 1.000000 0.003335 
3.334843 2.335160 1.000000 0.003334 
3.333593 2.338250 1.000000 0.003334 
3.332332 2.341336 1.000000 0.003333 
3.331060 2.344416 1.000000 0.003332 
3.329777 2.347492 1.000000 0.003332 
3.328483 2.350562 1.000000 0.003331 
3.327179 2.353627 1.000000 0.003331 
3.325863 2.356686 1.000000 0.003330 
3.324536 2.359741 1.000000 0.003330 
3.323199 2.362789 1.000000 0.003329 
3.321851 2.365833 1.000000 0.003328 
3.320491 2.368871 1.000000 0.003328 
3.319122 2.371904 1.000000 0.003327 
3.317741 2.374931 1.000000 0.003327 
3.316350 2.377952 1.000000 0.003326 
3.314948 2.380968 1.000000 0.003325 
3.313535 2.383978 1.000000 0.003325 
3.312112 2.386983 1.000000 0.003324 
3.310678 2.389982 1.000000 0.003324 
3.309234 2.392975 1.000000 0.003323 
3.307779 2.395962 1.000000 0.003322 
3.306314 2.398943 1.000000 0.003322 
3.304839 2.401919 1.000000 0.003321 
3.303353 2.404889 1.000000 0.003320 
3.301856 2.407852 1.000000 0.003320 
3.300350 2.410810 1.000000 0.003319 
3.298833 2.413762 1.000000 0.003318 
3.297305 2.416707 1.000000 0.003318 
3.295768 2.419647 1.000000 0.003317 
3.294220 2.422580 1.000000 0.003316 
3.292662 2.425507 1.000000 0.003316 
3.291095 2.428428 1.000000 0.003315 
3.289517 2.431343 1.000000 0.003314 
3.287929 2.434252 1.000000 0.003313 
3.286331 2.437154 1.000000 0.003313 
3.284723 2.440050 1.000000 0.003312 
3.283105 2.442939 1.000000 0.003311 
3.281477 2.445822 1.000000 0.003310 
3.279839 2.448698 1.000000 0.003310 
3.278192 2.451568 1.000000 0.003309 
3.276534 2.454432 1.000000 0.003308 
3.274868 2.457289 1.000000 0.003307 
3.273191 2.460139 1.000000 0.003307 
3.271504 2.462983 1.000000 0.003306 
3.269808 2.465820 1.000000 0.003305 
3.268103 2.468651 1.000000 0.003304 
3.266388 2.471474 1.000000 0.003303 
3.264663 2.474291 1.000000 0.003303 
3.262929 2.477101 1.000000 0.003302 
3.261186 2.479905 1.000000 0.003301 
3.259433 2.482701 1.000000 0.003300 
3.257670 2.485491 1.000000 0.003299 
3.255899 2.488273 1.000000 0.003298 
3.254118 2.491049 1.000000 0.003297 
3.252328 2.493818 1.000000 0.003297 
3.250528 2.496579 1.000000 0.003296 
3.248720 2.499334 1.000000 0.003295 
3.246902 2.502082 1.000000 0.003294 
3.245076 2.504822 1.000000 0.003293 
3.243240 2.507556 1.000000 0.003292 
3.241396 2.510282 1.000000 0.003291 
3.239542 2.513001 1.000000 0.003290 
3.237679 2.515713 1.000000 0.003289 
3.235808 2.518417 1.000000 0.003288 
3.233928 2.521115 1.000000 0.003288 
3.232039 2.523805 1.000000 0.003287 
3.230141 2.526488 1.000000 0.003286 
3.228235 2.529163 1.000000 0.003285 
3.226320 2.531831 1.000000 0.003284 
3.224396 2.534492 1.000000 0.003283 
3.222464 2.537145 1.000000 0.003282 
3.220523 2.539790 1.000000 0.003281 
3.218574 2.542429 1.000000 0.003280 
3.216616 2.545059 1.000000 0.003279 
3.214650 2.547683 1.000000 0.003278 
3.212675 2.550298 1.000000 0.003277 
3.210693 2.552906 1.000000 0.003276 
3.208702 2.555507 1.000000 0.003275 
3.206702 2.558100 1.000000 0.003274 
3.204695 2.560685 1.000000 0.003273 
3.202679 2.563262 1.000000 0.003272 
3.200655 2.565832 1.000000 0.003270 
3.198624 2.568394 1.000000 0.003269 
3.196584 2.570949 1.000000 0.003268 
3.194536 2.573495 1.000000 0.003267 
3.192481 2.576034 1.000000 0.003266 
3.190417 2.578565 1.000000 0.003265 
3.188346 2.581088 1.000000 0.003264 
3.186266 2.583603 1.000000 0.003263 
3.184180 2.586111 1.000000 0.003262 
3.182085 2.588610 1.000000 0.003261 
3.179983 2.591102 1.000000 0.003259 
3.177873 2.593585 1.000000 0.003258 
3.175755 2.596061 1.000000 0.003257 
3.173630 2.598529 1.000000 0.003256 
3.171498 2.600988 1.000000 0.003255 
3.169358 2.603440 1.000000 0.003254 
3.167211 2.605884 1.000000 0.003252 
3.165056 2.608319 1.000000 0.003251 
3.162894 2.610747 1.000000 0.003250 
3.160725 2.613166 1.000000 0.003249 
3.158549 2.615577 1.000000 0.003248 
3.156365 2.617981 1.000000 0.003246 
3.154175 2.620376 1.000000 0.003245 
3.151977 2.622762 1.000000 0.003244 
3.149772 2.625141 1.000000 0.003243 
3.147561 2.627512 1.000000 0.003241 
3.145342 2.629874 1.000000 0.003240 
3.143117 2.632228 1.000000 0.003239 
3.140884 2.634574 1.000000 0.003238 
3.138645 2.636911 1.000000 0.003236 
3.136399 2.639240 1.000000 0.003235 
3.134147 2.641561 1.000000 0.003234 
3.131887 2.643874 1.000000 0.003232 
3.129622 2.646179 1.000000 0.003231 
3.127349 2.648475 1.000000 0.003230 
3.125070 2.650762 1.000000 0.003228 
3.122785 2.653042 1.000000 0.003227 
3.120493 2.655313 1.000000 0.003226 
3.118195 2.657575 1.000000 0.003224 
3.115890 2.659829 1.000000 0.003223 
3.113580 2.662075 1.000000 0.003222 
3.111262 2.664312 1.000000 0.003220 
3.108939 2.666541 1.000000 0.003219 
3.106610 2.668762 1.000000 0.003217 
3.104274 2.670974 1.000000 0.003216 
3.101933 2.673178 1.000000 0.003215 
3.099585 2.675373 1.000000 0.003213 
3.097232 2.677559 1.000000 0.003212 
3.094872 2.679737 1.000000 0.003210 
3.092507 2.681907 1.000000 0.003209 
3.090136 2.684068 1.000000 0.003207 
3.087759 2.686221 1.000000 0.003206 
3.085377 2.688365 1.000000 0.003205 
3.082988 2.690500 1.000000 0.003203 
3.080595 2.692627 1.000000 0.003202 
3.078195 2.694746 1.000000 0.003200 
3.075790 2.696856 1.000000 0.003199 
3.073380 2.698957 1.000000 0.003197 
3.070964 2.701050 1.000000 0.003196 
3.068542 2.703134 1.000000 0.003194 
3.066116 2.705209 1.000000 0.003192 
3.063684 2.707276 1.000000 0.003191 
3.061246 2.709335 1.000000 0.003189 
3.058804 2.711385 1.000000 0.003188 
3.056356 2.713426 1.000000 0.003186 
3.053903 2.715458 1.000000 0.003185 
3.051446 2.717482 1.000000 0.003183 
3.048983 2.719497 1.000000 0.003182 
3.046515 2.721504 1.000000 0.003180 
3.044042 2.723502 1.000000 0.003178 
3.041565 2.725492 1.000000 0.003177 
3.039082 2.727472 1.000000 0.003175 
3.036595 2.729444 1.000000 0.003173 
3.034103 2.731408 1.000000 0.003172 
3.031606 2.733363 1.000000 0.003170 
3.029105 2.735309 1.000000 0.003168 
3.026599 2.737247 1.000000 0.003167 
3.024088 2.739175 1.000000 0.003165 
3.021573 2.741096 1.000000 0.003163 
3.019054 2.743007 1.000000 0.003162 
3.016530 2.744910 1.000000 0.003160 
3.014001 2.746804 1.000000 0.003158 
3.011469 2.748690 1.000000 0.003157 
3.008932 2.750567 1.000000 0.003155 
3.006390 2.752435 1.000000 0.003153 
3.003845 2.754295 1.000000 0.003151 
3.001295 2.756146 1.000000 0.003150 
2.998742 2.757988 1.000000 0.003148 
2.996184 2.759822 1.000000 0.003146 
2.993622 2.761647 1.000000 0.003144 
2.991057 2.763463 1.000000 0.003143 
2.988487 2.765271 1.000000 0.003141 
2.985914 2.767070 1.000000 0.003139 
2.983336 2.768861 1.000000 0.003137 
2.980755 2.770642 1.000000 0.003135 
2.978170 2.772416 1.000000 0.003134 
2.975582 2.774180 1.000000 0.003132 
2.972990 2.775936 1.000000 0.003130 
2.970394 2.777684 1.000000 0.003128 
2.967795 2.779422 1.000000 0.003126 
2.965192 2.781152 1.000000 0.003124 
2.962585 2.782874 1.000000 0.003123 
2.959976 2.784587 1.000000 0.003121 
2.957363 2.786291 1.000000 0.003119 
2.954746 2.787987 1.000000 0.003117 
2.952126 2.789674 1.000000 0.003115 
2.949503 2.791352 1.000000 0.003113 
2.946877 2.793022 1.000000 0.003111 
2.944248 2.794684 1.000000 0.003109 
2.941615 2.796337 1.000000 0.003107 
2.938980 2.797981 1.000000 0.003105 
2.936341 2.799617 1.000000 0.003104 
2.933699 2.801244 1.000000 0.003102 
2.931055 2.802863 1.000000 0.003100 
2.928407 2.804473 1.000000 0.003098 
2.925757 2.806074 1.000000 0.003096 
2.923104 2.807667 1.000000 0.003094 
2.920448 2.809252 1.000000 0.003092 
2.917790 2.810828 1.000000 0.003090 
2.915128 2.812396 1.000000 0.003088 
2.912464 2.813955 1.000000 0.003086 
2.909798 2.815506 1.000000 0.003084 
2.907129 2.817048 1.000000 0.003082 
2.904457 2.818582 1.000000 0.003080 
2.901783 2.820108 1.000000 0.003078 
2.899107 2.821625 1.000000 0.003076 
2.896428 2.823134 1.000000 0.003073 
2.893746 2.824634 1.000000 0.003071 
2.891063 2.826126 1.000000 0.003069 
2.888377 2.827609 1.000000 0.003067 
2.885689 2.829085 1.000000 0.003065 
2.882999 2.830551 1.000000 0.003063 
2.880306 2.832010 1.000000 0.003061 
2.877612 2.833460 1.000000 0.003059 
2.874916 2.834902 1.000000 0.003057 
2.872217 2.836336 1.000000 0.003055 
2.869517 2.837761 1.000000 0.003053 
2.866814 2.839178 1.000000 0.003050 
2.864110 2.840587 1.000000 0.003048 
2.861404 2.841988 1.000000 0.003046 
2.858696 2.843380 1.000000 0.003044 
2.855986 2.844764 1.000000 0.003042 
2.853274 2.846140 1.000000 0.003040 
2.850561 2.847508 1.000000 0.003037 
2.847846 2.848868 1.000000 0.003035 
2.845130 2.850219 1.000000 0.003033 
2.842412 2.851563 1.000000 0.003031 
2.839692 2.852898 1.000000 0.003029 
2.836971 2.854225 1.000000 0.003026 
2.834248 2.855544 1.000000 0.003024 
2.831524 2.856855 1.000000 0.003022 
2.828799 2.858158 1.000000 0.003020 
2.826072 2.859453 1.000000 0.003018 
2.823344 2.860740 1.000000 0.003015 
2.820615 2.862019 1.000000 0.003013 
2.817884 2.863290 1.000000 0.003011 
2.815152 2.864553 1.000000 0.003009 
2.812419 2.865809 1.000000 0.003006 
2.809685 2.867056 1.000000 0.003004 
2.806950 2.868295 1.000000 0.003002 
2.804214 2.869527 1.000000 0.002999 
2.801477 2.870750 1.000000 0.002997 
2.798739 2.871966 1.000000 0.002995 
2.795999 2.873174 1.000000 0.002992 
2.793259 2.874374 1.000000 0.002990 
2.790518 2.875566 1.000000 0.002988 
2.787777 2.876751 1.000000 0.002986 
2.785034 2.877927 1.000000 0.002983 
2.782291 2.879096 1.000000 0.002981 
2.779547 2.880258 1.000000 0.002979 
2.776802 2.881411 1.000000 0.002976 
2.774057 2.882557 1.000000 0.002974 
2.771310 2.883696 1.000000 0.002971 
2.768564 2.884826 1.000000 0.002969 
2.765817 2.885950 1.000000 0.002967 
2.763069 2.887065 1.000000 0.002964 
2.760321 2.888173 1.000000 0.002962 
2.757572 2.889274 1.000000 0.002960 
2.754823 2.890367 1.000000 0.002957 
2.752073 2.891452 1.000000 0.002955 
2.749324 2.892530 1.000000 0.002952 
2.746573 2.893600 1.000000 0.002950 
2.743823 2.894664 1.000000 0.002948 
2.741072 2.895719 1.000000 0.002945 
2.738321 2.896768 1.000000 0.002943 
2.735570 2.897809 1.000000 0.002940 
2.732819 2.898842 1.000000 0.002938 
2.730067 2.899868 1.000000 0.002935 
2.727316 2.900887 1.000000 0.002933 
2.724564 2.901899 1.000000 0.002931 
2.721812 2.902904 1.000000 0.002928 
2.719061 2.903901 1.000000 0.002926 
2.716309 2.904891 1.000000 0.002923 
2.713557 2.905874 1.000000 0.002921 
2.710806 2.906850 1.000000 0.002918 
2.708054 2.907819 1.000000 0.002916 
2.705303 2.908780 1.000000 0.002913 
2.702552 2.909735 1.000000 0.002911 
2.699801 2.910682 1.000000 0.002908 
2.697050 2.911623 1.000000 0.002906 
2.694300 2.912556 1.000000 0.002903 
2.691549 2.913483 1.000000 0.002901 
2.688799 2.914402 1.000000 0.002898 
2.686050 2.915315 1.000000 0.002896 
2.683301 2.916221 1.000000 0.002893 
2.680552 2.917120 1.000000 0.002891 
2.677803 2.918012 1.000000 0.002888 
2.675055 2.918897 1.000000 0.002886 
2.672308 2.919775 1.000000 0.002883 
2.669561 2.920647 1.000000 0.002881 
2.666815 2.921512 1.000000 0.002878 
2.664069 2.922370 1.000000 0.002876 
2.661323 2.923222 1.000000 0.002873 
2.658579 2.924067 1.000000 0.002871 
2.655834 2.924905 1.000000 0.002868 
2.653091 2.925737 1.000000 0.002865 
2.650348 2.926562 1.000000 0.002863 
2.647606 2.927381 1.000000 0.002860 
2.644865 2.928193 1.000000 0.002858 
2.642124 2.928998 1.000000 0.002855 
2.639384 2.929797 1.000000 0.002853 
2.636645 2.930590 1.000000 0.002850 
2.633907 2.931376 1.000000 0.002848 
2.631170 2.932156 1.000000 0.002845 
2.628433 2.932930 1.000000 0.002842 
2.625698 2.933697 1.000000 0.002840 
2.622963 2.934458 1.000000 0.002837 
2.620229 2.935213 1.000000 0.002835 
2.617496 2.935961 1.000000 0.002832 
2.614764 2.936703 1.000000 0.002830 
2.612034 2.937439 1.000000 0.002827 
2.609304 2.938169 1.000000 0.002824 
2.606575 2.938893 1.000000 0.002822 
2.603847 2.939611 1.000000 0.002819 
2.601121 2.940322 1.000000 0.002817 
2.598395 2.941028 1.000000 0.002814 
2.595671 2.941727 1.000000 0.002811 
2.592947 2.942421 1.000000 0.002809 
2.590225 2.943108 1.000000 0.002806 
2.587504 2.943790 1.000000 0.002804 
2.584785 2.944466 1.000000 0.002801 
2.582066 2.945136 1.000000 0.002799 
2.579349 2.945800 1.000000 0.002796 
2.576633 2.946458 1.000000 0.002793 
2.573918 2.947111 1.000000 0.002791 
2.571205 2.947757 1.000000 0.002788 
2.568493 2.948398 1.000000 0.002786 
2.565782 2.949034 1.000000 0.002783 
2.563072 2.949663 1.000000 0.002780 
2.560364 2.950288 1.000000 0.002778 
2.557658 2.950906 1.000000 0.002775 
2.554952 2.951519 1.000000 0.002773 
2.552248 2.952126 1.000000 0.002770 
2.549546 2.952728 1.000000 0.002767 
2.546845 2.953324 1.000000 0.002765 
2.544145 2.953915 1.000000 0.002762 
2.541447 2.954501 1.000000 0.002760 
2.538751 2.955081 1.000000 0.002757 
2.536056 2.955656 1.000000 0.002754 
2.533362 2.956225 1.000000 0.002752 
2.530670 2.956789 1.000000 0.002749 
2.527979 2.957348 1.000000 0.002747 
2.525290 2.957901 1.000000 0.002744 
2.522603 2.958450 1.000000 0.002741 
2.519917 2.958993 1.000000 0.002739 
2.517233 2.959531 1.000000 0.002736 
2.514550 2.960064 1.000000 0.002734 
2.511869 2.960592 1.000000 0.002731 
2.509190 2.961114 1.000000 0.002729 
2.506512 2.961632 1.000000 0.002726 
2.503836 2.962145 1.000000 0.002723 
2.501162 2.962652 1.000000 0.002721 
2.498489 2.963155 1.000000 0.002718 
2.495818 2.963653 1.000000 0.002716 
2.493149 2.964146 1.000000 0.002713 
2.490482 2.964634 1.000000 0.002711 
2.487816 2.965117 1.000000 0.002708 
2.485152 2.965596 1.000000 0.002705 
2.482489 2.966070 1.000000 0.002703 
2.479829 2.966539 1.000000 0.002700 
2.477170 2.967003 1.000000 0.002698 
2.474513 2.967463 1.000000 0.002695 
2.471857 2.967918 1.000000 0.002693 
2.469204 2.968368 1.000000 0.002690 
2.466552 2.968814 1.000000 0.002688 
2.463902 2.969255 1.000000 0.002685 
2.461254 2.969692 1.000000 0.002683 
2.458608 2.970124 1.000000 0.002680 
2.455964 2.970552 1.000000 0.002678 
2.453321 2.970975 1.000000 0.002675 
2.450680 2.971394 1.000000 0.002673 
2.448041 2.971808 1.000000 0.002670 
2.445404 2.972219 1.000000 0.002668 
2.442769 2.972624 1.000000 0.002665 
2.440136 2.973026 1.000000 0.002663 
2.437504 2.973423 1.000000 0.002660 
2.434875 2.973816 1.000000 0.002658 
2.432247 2.974205 1.000000 0.002655 
2.429621 2.974590 1.000000 0.002653 
2.426997 2.974971 1.000000 0.002650 
2.424375 2.975347 1.000000 0.002648 
2.421755 2.975719 1.000000 0.002645 
2.419137 2.976088 1.000000 0.002643 
2.416520 2.976452 1.000000 0.002640 
2.413906 2.976812 1.000000 0.002638 
2.411294 2.977169 1.000000 0.002635 
2.408683 2.977521 1.000000 0.002633 
2.406074 2.977870 1.000000 0.002631 
2.403468 2.978214 1.000000 0.002628 
2.400863 2.978555 1.000000 0.002626 
2.398260 2.978892 1.000000 0.002623 
2.395659 2.979225 1.000000 0.002621 
2.393060 2.979554 1.000000 0.002619 
2.390463 2.979880 1.000000 0.002616 
2.387868 2.980202 1.000000 0.002614 
2.385274 2.980520 1.000000 0.002611 
2.382683 2.980835 1.000000 0.002609 
2.380094 2.981146 1.000000 0.002607 
2.377506 2.981453 1.000000 0.002604 
2.374921 2.981757 1.000000 0.002602 
2.372337 2.982057 1.000000 0.002600 
2.369756 2.982354 1.000000 0.002597 
2.367176 2.982647 1.000000 0.002595 
2.364598 2.982937 1.000000 0.002593 
2.362023 2.983223 1.000000 0.002591 
2.359449 2.983506 1.000000 0.002588 
2.356877 2.983786 1.000000 0.002586 
2.354307 2.984062 1.000000 0.002584 
2.351739 2.984335 1.000000 0.002581 
2.349172 2.984605 1.000000 0.002579 
2.346608 2.984871 1.000000 0.002577 
2.344046 2.985134 1.000000 0.002575 
2.341485 2.985394 1.000000 0.002572 
2.338927 2.985651 1.000000 0.002570 
2.336370 2.985904 1.000000 0.002568 
2.333816 2.986154 1.000000 0.002566 
2.331263 2.986402 1.000000 0.002564 
2.328712 2.986646 1.000000 0.002561 
2.326163 2.986887 1.000000 0.002559 
2.323616 2.987125 1.000000 0.002557 
2.321071 2.987360 1.000000 0.002555 
2.318527 2.987592 1.000000 0.002553 
2.315986 2.987822 1.000000 0.002551 
2.313446 2.988048 1.000000 0.002549 
2.310909 2.988271 1.000000 0.002546 
2.308373 2.988492 1.000000 0.002544 
2.305839 2.988709 1.000000 0.002542 
2.303306 2.988924 1.000000 0.002540 
2.300776 2.989136 1.000000 0.002538 
2.298248 2.989345 1.000000 0.002536 
2.295721 2.989552 1.000000 0.002534 
2.293196 2.989755 1.000000 0.002532 
2.290673 2.989956 1.000000 0.002530 
2.288152 2.990155 1.000000 0.002528 
2.285633 2.990350 1.000000 0.002526 
2.283115 2.990543 1.000000 0.002524 
2.280599 2.990734 1.000000 0.002522 
2.278085 2.990921 1.000000 0.002520 
2.275573 2.991107 1.000000 0.002518 
2.273062 2.991289 1.000000 0.002516 
2.270553 2.991469 1.000000 0.002514 
2.268046 2.991647 1.000000 0.002512 
2.265541 2.991822 1.000000 0.002510 
2.263038 2.991995 1.000000 0.002509 
2.260536 2.992165 1.000000 0.002507 
2.258036 2.992333 1.000000 0.002505 
2.255537 2.992499 1.000000 0.002503 
2.253040 2.992662 1.000000 0.002501 
2.250545 2.992823 1.000000 0.002499 
2.248052 2.992981 1.000000 0.002498 
2.245560 2.993137 1.000000 0.002496 
2.243070 2.993291 1.000000 0.002494 
2.240582 2.993443 1.000000 0.002492 
2.238095 2.993592 1.000000 0.002490 
2.235610 2.993739 1.000000 0.002489 
2.233126 2.993885 1.000000 0.002487 
2.230644 2.994027 1.000000 0.002485 
2.228163 2.994168 1.000000 0.002484 
2.225685 2.994307 1.000000 0.002482 
2.223207 2.994443 1.000000 0.002480 
2.220732 2.994577 1.000000 0.002479 
2.218257 2.994710 1.000000 0.002477 
2.215785 2.994840 1.000000 0.002475 
2.213313 2.994968 1.000000 0.002474 
2.210844 2.995094 1.000000 0.002472 
2.208376 2.995218 1.000000 0.002471 
2.205909 2.995340 1.000000 0.002469 
2.203444 2.995461 1.000000 0.002467 
2.200980 2.995579 1.000000 0.002466 
2.198517 2.995695 1.000000 0.002464 
2.196057 2.995810 1.000000 0.002463 
2.193597 2.995922 1.000000 0.002461 
2.191139 2.996033 1.000000 0.002460 
2.188682 2.996142 1.000000 0.002458 
2.186227 2.996249 1.000000 0.002457 
2.183773 2.996354 1.000000 0.002456 
2.181320 2.996457 1.000000 0.002454 
2.178869 2.996559 1.000000 0.002453 
2.176418 2.996659 1.000000 0.002451 
2.173970 2.996757 1.000000 0.002450 
2.171522 2.996853 1.000000 0.002449 
2.169076 2.996947 1.000000 0.002447 
2.166631 2.997040 1.000000 0.002446 
2.164187 2.997132 1.000000 0.002445 
2.161745 2.997221 1.000000 0.002444 
2.159303 2.997309 1.000000 0.002442 
2.156863 2.997395 1.000000 0.002441 
2.154424 2.997480 1.000000 0.002440 
2.151987 2.997563 1.000000 0.002439 
2.149550 2.997644 1.000000 0.002437 
2.147114 2.997724 1.000000 0.002436 
2.144680 2.997802 1.000000 0.002435 
2.142247 2.997878 1.000000 0.002434 
2.139814 2.997954 1.000000 0.002433 
2.137383 2.998027 1.000000 0.002432 
2.134953 2.998099 1.000000 0.002431 
2.132524 2.998170 1.000000 0.002430 
2.130096 2.998239 1.000000 0.002429 
2.127669 2.998306 1.000000 0.002428 
2.125243 2.998372 1.000000 0.002426 
2.122818 2.998437 1.000000 0.002425 
2.120393 2.998500 1.000000 0.002425 
2.117970 2.998561 1.000000 0.002424 
2.115548 2.998622 1.000000 0.002423 
2.113126 2.998681 1.000000 0.002422 
2.110706 2.998738 1.000000 0.002421 
2.108286 2.998794 1.000000 0.002420 
2.105867 2.998849 1.000000 0.002419 
2.103449 2.998902 1.000000 0.002418 
2.101032 2.998954 1.000000 0.002417 
2.098616 2.999004 1.000000 0.002417 
2.096200 2.999054 1.000000 0.002416 
2.093785 2.999102 1.000000 0.002415 
2.091371 2.999148 1.000000 0.002414 
2.088957 2.999193 1.000000 0.002414 
2.086545 2.999237 1.000000 0.002413 
2.084132 2.999280 1.000000 0.002412 
2.081721 2.999321 1.000000 0.002411 
2.079310 2.999361 1.000000 0.002411 
2.076900 2.999400 1.000000 0.002410 
2.074491 2.999437 1.000000 0.002410 
2.072082 2.999474 1.000000 0.002409 
2.069673 2.999509 1.000000 0.002408 
2.067265 2.999542 1.000000 0.002408 
2.064858 2.999575 1.000000 0.002407 
2.062451 2.999606 1.000000 0.002407 
2.060045 2.999636 1.000000 0.002406 
2.057639 2.999665 1.000000 0.002406 
2.055234 2.999692 1.000000 0.002405 
2.052829 2.999719 1.000000 0.002405 
2.050425 2.999744 1.000000 0.002404 
2.048021 2.999768 1.000000 0.002404 
2.045617 2.999791 1.000000 0.002404 
2.043214 2.999812 1.000000 0.002403 
2.040811 2.999833 1.000000 0.002403 
2.038408 2.999852 1.000000 0.002403 
2.036006 2.999870 1.000000 0.002402 
2.033604 2.999887 1.000000 0.002402 
2.031202 2.999902 1.000000 0.002402 
2.028800 2.999917 1.000000 0.002401 
2.026399 2.999930 1.000000 0.002401 
2.023998 2.999942 1.000000 0.002401 
2.021597 2.999953 1.000000 0.002401 
2.019197 2.999963 1.000000 0.002401 
2.016796 2.999972 1.000000 0.002400 
2.014396 2.999979 1.000000 0.002400 
2.011995 2.999985 1.000000 0.002400 
2.009595 2.999991 1.000000 0.002400 
2.007195 2.999995 1.000000 0.002400 
2.004795 2.999998 1.000000 0.002400 
2.002395 2.999999 1.000000 0.002400 
1.999995 3.000000 1.000000 0.002400 
1.997595 2.999999 1.000000 0.002400 
1.995195 2.999998 1.000000 0.002400 
1.992795 2.999995 1.000000 0.002400 
1.990395 2.999991 1.000000 0.002400 
1.987994 2.999985 1.000000 0.002400 
1.985594 2.999979 1.000000 0.002400 
1.983194 2.999972 1.000000 0.002400 
1.980793 2.999963 1.000000 0.002401 
1.978392 2.999953 1.000000 0.002401 
1.975992 2.999942 1.000000 0.002401 
1.973590 2.999930 1.000000 0.002401 
1.971189 2.999917 1.000000 0.002401 
1.968788 2.999902 1.000000 0.002402 
1.966386 2.999887 1.000000 0.002402 
1.963984 2.999870 1.000000 0.002402 
1.961582 2.999852 1.000000 0.002403 
1.959179 2.999833 1.000000 0.002403 
1.956776 2.999812 1.000000 0.002403 
1.954373 2.999791 1.000000 0.002404 
1.951969 2.999768 1.000000 0.002404 
1.949565 2.999744 1.000000 0.002404 
1.947160 2.999719 1.000000 0.002405 
1.944756 2.999692 1.000000 0.002405 
1.942350 2.999665 1.000000 0.002406 
1.939944 2.999636 1.000000 0.002406 
1.937538 2.999606 1.000000 0.002407 
1.935131 2.999575 1.000000 0.002407 
1.932724 2.999542 1.000000 0.002408 
1.930316 2.999509 1.000000 0.002408 
1.927908 2.999474 1.000000 0.002409 
1.925499 2.999437 1.000000 0.002410 
1.923089 2.999400 1.000000 0.002410 
1.920679 2.999361 1.000000 0.002411 
1.918269 2.999321 1.000000 0.002411 
1.915857 2.999280 1.000000 0.002412 
1.913445 2.999237 1.000000 0.002413 
1.911032 2.999193 1.000000 0.002414 
1.908619 2.999148 1.000000 0.002414 
1.906205 2.999101 1.000000 0.002415 
1.903790 2.999053 1.000000 0.002416 
1.901374 2.999004 1.000000 0.002417 
1.898958 2.998954 1.000000 0.002417 
1.896540 2.998902 1.000000 0.002418 
1.894122 2.998848 1.000000 0.002419 
1.891703 2.998794 1.000000 0.002420 
1.889284 2.998738 1.000000 0.002421 
1.886863 2.998680 1.000000 0.002422 
1.884442 2.998621 1.000000 0.002423 
1.882019 2.998561 1.000000 0.002424 
1.879596 2.998499 1.000000 0.002425 
1.877172 2.998436 1.000000 0.002426 
1.874747 2.998372 1.000000 0.002426 
1.872321 2.998306 1.000000 0.002428 
1.869894 2.998238 1.000000 0.002429 
1.867465 2.998169 1.000000 0.002430 
1.865036 2.998099 1.000000 0.002431 
1.862606 2.998027 1.000000 0.002432 
1.860175 2.997953 1.000000 0.002433 
1.857743 2.997878 1.000000 0.002434 
1.855310 2.997802 1.000000 0.002435 
1.852875 2.997723 1.000000 0.002436 
1.850440 2.997644 1.000000 0.002437 
1.848003 2.997562 1.000000 0.002439 
1.845565 2.997479 1.000000 0.002440 
1.843126 2.997395 1.000000 0.002441 
1.840686 2.997308 1.000000 0.002442 
1.838245 2.997221 1.000000 0.002444 
1.835802 2.997131 1.000000 0.002445 
1.833358 2.997040 1.000000 0.002446 
1.830914 2.996947 1.000000 0.002447 
1.828467 2.996852 1.000000 0.002449 
1.826020 2.996756 1.000000 0.002450 
1.823571 2.996658 1.000000 0.002451 
1.821121 2.996558 1.000000 0.002453 
1.818670 2.996457 1.000000 0.002454 
1.816217 2.996353 1.000000 0.002456 
1.813763 2.996248 1.000000 0.002457 
1.811307 2.996141 1.000000 0.002458 
1.808851 2.996032 1.000000 0.002460 
1.806392 2.995922 1.000000 0.002461 
1.803933 2.995809 1.000000 0.002463 
1.801472 2.995695 1.000000 0.002464 
1.799010 2.995578 1.000000 0.002466 
1.796546 2.995460 1.000000 0.002467 
1.794080 2.995340 1.000000 0.002469 
1.791614 2.995218 1.000000 0.002471 
1.789146 2.995094 1.000000 0.002472 
1.786676 2.994967 1.000000 0.002474 
1.784205 2.994839 1.000000 0.002475 
1.781732 2.994709 1.000000 0.002477 
1.779258 2.994577 1.000000 0.002479 
1.776782 2.994442 1.000000 0.002480 
1.774305 2.994306 1.000000 0.002482 
1.771826 2.994167 1.000000 0.002484 
1.769345 2.994027 1.000000 0.002485 
1.766863 2.993884 1.000000 0.002487 
1.764380 2.993739 1.000000 0.002489 
1.761895 2.993592 1.000000 0.002490 
1.759408 2.993442 1.000000 0.002492 
1.756919 2.993291 1.000000 0.002494 
1.754429 2.993137 1.000000 0.002496 
1.751937 2.992980 1.000000 0.002498 
1.749444 2.992822 1.000000 0.002499 
1.746949 2.992661 1.000000 0.002501 
1.744452 2.992498 1.000000 0.002503 
1.741954 2.992332 1.000000 0.002505 
1.739454 2.992165 1.000000 0.002507 
1.736952 2.991994 1.000000 0.002509 
1.734448 2.991821 1.000000 0.002510 
1.731943 2.991646 1.000000 0.002512 
1.729436 2.991469 1.000000 0.002514 
1.726927 2.991288 1.000000 0.002516 
1.724416 2.991106 1.000000 0.002518 
1.721904 2.990921 1.000000 0.002520 
1.719390 2.990733 1.000000 0.002522 
1.716874 2.990542 1.000000 0.002524 
1.714357 2.990349 1.000000 0.002526 
1.711837 2.990154 1.000000 0.002528 
1.709316 2.989955 1.000000 0.002530 
1.706793 2.989754 1.000000 0.002532 
1.704268 2.989551 1.000000 0.002534 
1.701741 2.989344 1.000000 0.002536 
1.699213 2.989135 1.000000 0.002538 
1.696683 2.988923 1.000000 0.002540 
1.694150 2.988708 1.000000 0.002542 
1.691616 2.988491 1.000000 0.002544 
1.689081 2.988270 1.000000 0.002546 
1.686543 2.988047 1.000000 0.002549 
1.684003 2.987821 1.000000 0.002551 
1.681462 2.987591 1.000000 0.002553 
1.678918 2.987359 1.000000 0.002555 
1.676373 2.987124 1.000000 0.002557 
1.673826 2.986886 1.000000 0.002559 
1.671277 2.986645 1.000000 0.002561 
1.668726 2.986401 1.000000 0.002564 
1.666173 2.986153 1.000000 0.002566 
1.663619 2.985903 1.000000 0.002568 
1.661062 2.985649 1.000000 0.002570 
1.658504 2.985393 1.000000 0.002572 
1.655943 2.985133 1.000000 0.002575 
1.653381 2.984870 1.000000 0.002577 
1.650816 2.984603 1.000000 0.002579 
1.648250 2.984334 1.000000 0.002581 
1.645682 2.984061 1.000000 0.002584 
1.643112 2.983785 1.000000 0.002586 
1.640540 2.983505 1.000000 0.002588 
1.637966 2.983222 1.000000 0.002591 
1.635391 2.982936 1.000000 0.002593 
1.632813 2.982646 1.000000 0.002595 
1.630233 2.982353 1.000000 0.002597 
1.627651 2.982056 1.000000 0.002600 
1.625068 2.981756 1.000000 0.002602 
1.622482 2.981452 1.000000 0.002604 
1.619895 2.981144 1.000000 0.002607 
1.617306 2.980833 1.000000 0.002609 
1.614714 2.980519 1.000000 0.002612 
1.612121 2.980201 1.000000 0.002614 
1.609526 2.979879 1.000000 0.002616 
1.606929 2.979553 1.000000 0.002619 
1.604330 2.979224 1.000000 0.002621 
1.601729 2.978890 1.000000 0.002623 
1.599126 2.978553 1.000000 0.002626 
1.596521 2.978213 1.000000 0.002628 
1.593914 2.977868 1.000000 0.002631 
1.591306 2.977520 1.000000 0.002633 
1.588695 2.977167 1.000000 0.002635 
1.586083 2.976811 1.000000 0.002638 
1.583468 2.976450 1.000000 0.002640 
1.580852 2.976086 1.000000 0.002643 
1.578234 2.975718 1.000000 0.002645 
1.575614 2.975345 1.000000 0.002648 
1.572992 2.974969 1.000000 0.002650 
1.570368 2.974588 1.000000 0.002653 
1.567742 2.974204 1.000000 0.002655 
1.565114 2.973815 1.000000 0.002658 
1.562484 2.973422 1.000000 0.002660 
1.559853 2.973024 1.000000 0.002663 
1.557220 2.972623 1.000000 0.002665 
1.554584 2.972217 1.000000 0.002668 
1.551947 2.971807 1.000000 0.002670 
1.549308 2.971392 1.000000 0.002673 
1.546668 2.970973 1.000000 0.002675 
1.544025 2.970550 1.000000 0.002678 
1.541381 2.970122 1.000000 0.002680 
1.538734 2.969690 1.000000 0.002683 
1.536086 2.969253 1.000000 0.002685 
1.533436 2.968812 1.000000 0.002688 
1.530785 2.968366 1.000000 0.002690 
1.528131 2.967916 1.000000 0.002693 
1.525476 2.967461 1.000000 0.002695 
1.522819 2.967001 1.000000 0.002698 
1.520160 2.966537 1.000000 0.002700 
1.517499 2.966068 1.000000 0.002703 
1.514837 2.965594 1.000000 0.002705 
1.512173 2.965115 1.000000 0.002708 
1.509507 2.964632 1.000000 0.002711 
1.506839 2.964144 1.000000 0.002713 
1.504170 2.963651 1.000000 0.002716 
1.501499 2.963153 1.000000 0.002718 
1.498826 2.962650 1.000000 0.002721 
1.496152 2.962142 1.000000 0.002723 
1.493476 2.961630 1.000000 0.002726 
1.490798 2.961112 1.000000 0.002729 
1.488119 2.960589 1.000000 0.002731 
1.485438 2.960061 1.000000 0.002734 
1.482755 2.959529 1.000000 0.002736 
1.480071 2.958991 1.000000 0.002739 
1.477385 2.958447 1.000000 0.002741 
1.474698 2.957899 1.000000 0.002744 
1.472009 2.957345 1.000000 0.002747 
1.469318 2.956787 1.000000 0.002749 
1.466626 2.956222 1.000000 0.002752 
1.463933 2.955653 1.000000 0.002754 
1.461238 2.955078 1.000000 0.002757 
1.458541 2.954498 1.000000 0.002760 
1.455843 2.953913 1.000000 0.002762 
1.453143 2.953322 1.000000 0.002765 
1.450442 2.952725 1.000000 0.002767 
1.447740 2.952124 1.000000 0.002770 
1.445036 2.951516 1.000000 0.002773 
1.442331 2.950903 1.000000 0.002775 
1.439624 2.950285 1.000000 0.002778 
1.436916 2.949661 1.000000 0.002780 
1.434206 2.949031 1.000000 0.002783 
1.431496 2.948396 1.000000 0.002786 
1.428783 2.947755 1.000000 0.002788 
1.426070 2.947108 1.000000 0.002791 
1.423355 2.946455 1.000000 0.002793 
1.420639 2.945797 1.000000 0.002796 
1.417922 2.945133 1.000000 0.002799 
1.415204 2.944463 1.000000 0.002801 
1.412484 2.943787 1.000000 0.002804 
1.409763 2.943105 1.000000 0.002806 
1.407041 2.942418 1.000000 0.002809 
1.404317 2.941724 1.000000 0.002811 
1.401593 2.941025 1.000000 0.002814 
1.398868 2.940319 1.000000 0.002817 
1.396141 2.939608 1.000000 0.002819 
1.393413 2.938890 1.000000 0.002822 
1.390684 2.938166 1.000000 0.002824 
1.387955 2.937436 1.000000 0.002827 
1.385224 2.936700 1.000000 0.002830 
1.382492 2.935958 1.000000 0.002832 
1.379759 2.935209 1.000000 0.002835 
1.377025 2.934455 1.000000 0.002837 
1.374291 2.933694 1.000000 0.002840 
1.371555 2.932927 1.000000 0.002842 
1.368818 2.932153 1.000000 0.002845 
1.366081 2.931373 1.000000 0.002848 
1.363343 2.930587 1.000000 0.002850 
1.360604 2.929794 1.000000 0.002853 
1.357864 2.928995 1.000000 0.002855 
1.355123 2.928189 1.000000 0.002858 
1.352382 2.927377 1.000000 0.002860 
1.349640 2.926558 1.000000 0.002863 
1.346897 2.925733 1.000000 0.002865 
1.344154 2.924902 1.000000 0.002868 
1.341410 2.924063 1.000000 0.002871 
1.338665 2.923218 1.000000 0.002873 
1.335920 2.922367 1.000000 0.002876 
1.333174 2.921508 1.000000 0.002878 
1.330427 2.920643 1.000000 0.002881 
1.327680 2.919772 1.000000 0.002883 
1.324933 2.918893 1.000000 0.002886 
1.322185 2.918008 1.000000 0.002888 
1.319436 2.917116 1.000000 0.002891 
1.316687 2.916217 1.000000 0.002893 
1.313938 2.915311 1.000000 0.002896 
1.311189 2.914398 1.000000 0.002898 
1.308439 2.913479 1.000000 0.002901 
1.305689 2.912552 1.000000 0.002903 
1.302938 2.911619 1.000000 0.002906 
1.300187 2.910678 1.000000 0.002908 
1.297436 2.909731 1.000000 0.002911 
1.294685 2.908776 1.000000 0.002913 
1.291934 2.907815 1.000000 0.002916 
1.289182 2.906846 1.000000 0.002918 
1.286431 2.905870 1.000000 0.002921 
1.283679 2.904887 1.000000 0.002923 
1.280928 2.903897 1.000000 0.002926 
1.278176 2.902899 1.000000 0.002928 
1.275424 2.901895 1.000000 0.002931 
1.272672 2.900883 1.000000 0.002933 
1.269921 2.899864 1.000000 0.002935 
1.267169 2.898838 1.000000 0.002938 
1.264418 2.897804 1.000000 0.002940 
1.261667 2.896763 1.000000 0.002943 
1.258916 2.895715 1.000000 0.002945 
1.256165 2.894659 1.000000 0.002948 
1.253415 2.893596 1.000000 0.002950 
1.250665 2.892525 1.000000 0.002952 
1.247915 2.891447 1.000000 0.002955 
1.245165 2.890362 1.000000 0.002957 
1.242416 2.889269 1.000000 0.002960 
1.239667 2.888168 1.000000 0.002962 
1.236919 2.887060 1.000000 0.002964 
1.234172 2.885945 1.000000 0.002967 
1.231424 2.884822 1.000000 0.002969 
1.228678 2.883691 1.000000 0.002971 
1.225932 2.882552 1.000000 0.002974 
1.223186 2.881406 1.000000 0.002976 
1.220441 2.880253 1.000000 0.002979 
1.217697 2.879091 1.000000 0.002981 
1.214954 2.877922 1.000000 0.002983 
1.212212 2.876745 1.000000 0.002986 
1.209470 2.875561 1.000000 0.002988 
1.206729 2.874369 1.000000 0.002990 
1.203989 2.873168 1.000000 0.002993 
1.201250 2.871961 1.000000 0.002995 
1.198511 2.870745 1.000000 0.002997 
1.195774 2.869521 1.000000 0.002999 
1.193038 2.868290 1.000000 0.003002 
1.190303 2.867050 1.000000 0.003004 
1.187569 2.865803 1.000000 0.003006 
1.184836 2.864548 1.000000 0.003009 
1.182104 2.863285 1.000000 0.003011 
1.179374 2.862014 1.000000 0.003013 
1.176644 2.860735 1.000000 0.003015 
1.173916 2.859448 1.000000 0.003018 
1.171189 2.858153 1.000000 0.003020 
1.168464 2.856850 1.000000 0.003022 
1.165740 2.855539 1.000000 0.003024 
1.163017 2.854219 1.000000 0.003026 
1.160296 2.852892 1.000000 0.003029 
1.157577 2.851557 1.000000 0.003031 
1.154859 2.850213 1.000000 0.003033 
1.152142 2.848862 1.000000 0.003035 
1.149427 2.847502 1.000000 0.003037 
1.146714 2.846134 1.000000 0.003040 
1.144003 2.844758 1.000000 0.003042 
1.141293 2.843374 1.000000 0.003044 
1.138585 2.841982 1.000000 0.003046 
1.135879 2.840581 1.000000 0.003048 
1.133174 2.839172 1.000000 0.003050 
1.130472 2.837755 1.000000 0.003053 
1.127771 2.836330 1.000000 0.003055 
1.125073 2.834896 1.000000 0.003057 
1.122376 2.833454 1.000000 0.003059 
1.119682 2.832004 1.000000 0.003061 
1.116990 2.830545 1.000000 0.003063 
1.114299 2.829078 1.000000 0.003065 
1.111611 2.827603 1.000000 0.003067 
1.108926 2.826119 1.000000 0.003069 
1.106242 2.824627 1.000000 0.003071 
1.103561 2.823127 1.000000 0.003073 
1.100882 2.821618 1.000000 0.003076 
1.098205 2.820101 1.000000 0.003078 
1.095531 2.818576 1.000000 0.003080 
1.092860 2.817042 1.000000 0.003082 
1.090191 2.815499 1.000000 0.003084 
1.087524 2.813949 1.000000 0.003086 
1.084860 2.812389 1.000000 0.003088 
1.082199 2.810822 1.000000 0.003090 
1.079540 2.809245 1.000000 0.003092 
1.076885 2.807661 1.000000 0.003094 
1.074231 2.806067 1.000000 0.003096 
1.071581 2.804466 1.000000 0.003098 
1.068934 2.802856 1.000000 0.003100 
1.066289 2.801237 1.000000 0.003102 
1.063648 2.799610 1.000000 0.003104 
1.061009 2.797974 1.000000 0.003105 
1.058373 2.796329 1.000000 0.003107 
1.055741 2.794677 1.000000 0.003109 
1.053112 2.793015 1.000000 0.003111 
1.050485 2.791345 1.000000 0.003113 
1.047862 2.789667 1.000000 0.003115 
1.045243 2.787979 1.000000 0.003117 
1.042626 2.786284 1.000000 0.003119 
1.040013 2.784579 1.000000 0.003121 
1.037403 2.782866 1.000000 0.003123 
1.034797 2.781145 1.000000 0.003124 
1.032194 2.779415 1.000000 0.003126 
1.029595 2.777676 1.000000 0.003128 
1.026999 2.775929 1.000000 0.003130 
1.024407 2.774173 1.000000 0.003132 
1.021818 2.772408 1.000000 0.003134 
1.019234 2.770635 1.000000 0.003135 
1.016653 2.768853 1.000000 0.003137 
1.014075 2.767062 1.000000 0.003139 
1.011502 2.765263 1.000000 0.003141 
1.008932 2.763456 1.000000 0.003143 
1.006367 2.761639 1.000000 0.003144 
1.003805 2.759814 1.000000 0.003146 
1.001247 2.757980 1.000000 0.003148 
0.998694 2.756138 1.000000 0.003150 
0.996144 2.754287 1.000000 0.003151 
0.993599 2.752427 1.000000 0.003153 
0.991057 2.750559 1.000000 0.003155 
0.988521 2.748682 1.000000 0.003157 
0.985988 2.746796 1.000000 0.003158 
0.983460 2.744902 1.000000 0.003160 
0.980936 2.742999 1.000000 0.003162 
0.978416 2.741087 1.000000 0.003163 
0.975901 2.739167 1.000000 0.003165 
0.973390 2.737238 1.000000 0.003167 
0.970885 2.735301 1.000000 0.003168 
0.968383 2.733354 1.000000 0.003170 
0.965886 2.731399 1.000000 0.003172 
0.963394 2.729436 1.000000 0.003173 
0.960907 2.727464 1.000000 0.003175 
0.958425 2.725483 1.000000 0.003177 
0.955947 2.723494 1.000000 0.003178 
0.953474 2.721495 1.000000 0.003180 
0.951007 2.719489 1.000000 0.003182 
0.948544 2.717473 1.000000 0.003183 
0.946086 2.715449 1.000000 0.003185 
0.943633 2.713417 1.000000 0.003186 
0.941186 2.711376 1.000000 0.003188 
0.938743 2.709326 1.000000 0.003189 
0.936306 2.707267 1.000000 0.003191 
0.933874 2.705200 1.000000 0.003192 
0.931447 2.703125 1.000000 0.003194 
0.929026 2.701041 1.000000 0.003196 
0.926610 2.698948 1.000000 0.003197 
0.924200 2.696847 1.000000 0.003199 
0.921795 2.694737 1.000000 0.003200 
0.919395 2.692618 1.000000 0.003202 
0.917001 2.690491 1.000000 0.003203 
0.914613 2.688356 1.000000 0.003205 
0.912230 2.686211 1.000000 0.003206 
0.909854 2.684059 1.000000 0.003207 
0.907483 2.681898 1.000000 0.003209 
0.905117 2.679728 1.000000 0.003210 
0.902758 2.677550 1.000000 0.003212 
0.900404 2.675363 1.000000 0.003213 
0.898057 2.673168 1.000000 0.003215 
0.895716 2.670964 1.000000 0.003216 
0.893380 2.668752 1.000000 0.003217 
0.891051 2.666532 1.000000 0.003219 
0.888728 2.664303 1.000000 0.003220 
0.886410 2.662065 1.000000 0.003222 
0.884100 2.659820 1.000000 0.003223 
0.881795 2.657565 1.000000 0.003224 
0.879497 2.655303 1.000000 0.003226 
0.877205 2.653032 1.000000 0.003227 
0.874920 2.650752 1.000000 0.003228 
0.872641 2.648465 1.000000 0.003230 
0.870369 2.646169 1.000000 0.003231 
0.868103 2.643864 1.000000 0.003232 
0.865844 2.641551 1.000000 0.003234 
0.863591 2.639230 1.000000 0.003235 
0.861345 2.636901 1.000000 0.003236 
0.859106 2.634564 1.000000 0.003238 
0.856874 2.632218 1.000000 0.003239 
0.854648 2.629864 1.000000 0.003240 
0.852430 2.627501 1.000000 0.003241 
0.850218 2.625131 1.000000 0.003243 
0.848013 2.622752 1.000000 0.003244 
0.845816 2.620365 1.000000 0.003245 
0.843625 2.617970 1.000000 0.003246 
0.841442 2.615567 1.000000 0.003248 
0.839265 2.613156 1.000000 0.003249 
0.837096 2.610736 1.000000 0.003250 
0.834934 2.608309 1.000000 0.003251 
0.832780 2.605873 1.000000 0.003252 
0.830633 2.603429 1.000000 0.003254 
0.828493 2.600978 1.000000 0.003255 
0.826360 2.598518 1.000000 0.003256 
0.824235 2.596050 1.000000 0.003257 
0.822118 2.593575 1.000000 0.003258 
0.820008 2.591091 1.000000 0.003259 
0.817906 2.588599 1.000000 0.003261 
0.815811 2.586100 1.000000 0.003262 
0.813725 2.583592 1.000000 0.003263 
0.811645 2.581077 1.000000 0.003264 
0.809574 2.578554 1.000000 0.003265 
0.807511 2.576023 1.000000 0.003266 
0.805455 2.573484 1.000000 0.003267 
0.803407 2.570938 1.000000 0.003268 
0.801367 2.568383 1.000000 0.003269 
0.799336 2.565821 1.000000 0.003270 
0.797312 2.563251 1.000000 0.003272 
0.795296 2.560674 1.000000 0.003273 
0.793289 2.558089 1.000000 0.003274 
0.791290 2.555496 1.000000 0.003275 
0.789299 2.552895 1.000000 0.003276 
0.787316 2.550287 1.000000 0.003277 
0.785342 2.547671 1.000000 0.003278 
0.783376 2.545048 1.000000 0.003279 
0.781418 2.542417 1.000000 0.003280 
0.779469 2.539779 1.000000 0.003281 
0.777528 2.537133 1.000000 0.003282 
0.775596 2.534480 1.000000 0.003283 
0.773672 2.531819 1.000000 0.003284 
0.771757 2.529151 1.000000 0.003285 
0.769851 2.526476 1.000000 0.003286 
0.767953 2.523793 1.000000 0.003287 
0.766064 2.521103 1.000000 0.003288 
0.764184 2.518406 1.000000 0.003288 
0.762312 2.515701 1.000000 0.003289 
0.760450 2.512989 1.000000 0.003290 
0.758596 2.510270 1.000000 0.003291 
0.756752 2.507544 1.000000 0.003292 
0.754916 2.504810 1.000000 0.003293 
0.753090 2.502070 1.000000 0.003294 
0.751272 2.499322 1.000000 0.003295 
0.749464 2.496567 1.000000 0.003296 
0.747664 2.493806 1.000000 0.003297 
0.745874 2.491037 1.000000 0.003297 
0.744094 2.488261 1.000000 0.003298 
0.742322 2.485478 1.000000 0.003299 
0.740560 2.482689 1.000000 0.003300 
0.738807 2.479892 1.000000 0.003301 
0.737063 2.477089 1.000000 0.003302 
0.735329 2.474279 1.000000 0.003303 
0.733605 2.471462 1.000000 0.003303 
0.731890 2.468638 1.000000 0.003304 
0.730184 2.465808 1.000000 0.003305 
0.728488 2.462971 1.000000 0.003306 
0.726802 2.460127 1.000000 0.003307 
0.725125 2.457277 1.000000 0.003307 
0.723458 2.454420 1.000000 0.003308 
0.721801 2.451556 1.000000 0.003309 
0.720154 2.448686 1.000000 0.003310 
0.718516 2.445809 1.000000 0.003310 
0.716888 2.442926 1.000000 0.003311 
0.715270 2.440037 1.000000 0.003312 
0.713663 2.437141 1.000000 0.003313 
0.712065 2.434239 1.000000 0.003313 
0.710477 2.431331 1.000000 0.003314 
0.708899 2.428416 1.000000 0.003315 
0.707331 2.425495 1.000000 0.003316 
0.705773 2.422568 1.000000 0.003316 
0.704225 2.419634 1.000000 0.003317 
0.702688 2.416695 1.000000 0.003318 
0.701161 2.413749 1.000000 0.003318 
0.699644 2.410797 1.000000 0.003319 
0.698137 2.407840 1.000000 0.003320 
0.696641 2.404876 1.000000 0.003320 
0.695155 2.401906 1.000000 0.003321 
0.693679 2.398931 1.000000 0.003322 
0.692214 2.395949 1.000000 0.003322 
0.690760 2.392962 1.000000 0.003323 
0.689315 2.389969 1.000000 0.003324 
0.687882 2.386970 1.000000 0.003324 
0.686459 2.383965 1.000000 0.003325 
0.685046 2.380955 1.000000 0.003325 
0.683644 2.377939 1.000000 0.003326 
0.682253 2.374918 1.000000 0.003327 
0.680872 2.371891 1.000000 0.003327 
0.679503 2.368858 1.000000 0.003328 
0.678144 2.365820 1.000000 0.003329 
0.676795 2.362776 1.000000 0.003329 
0.675458 2.359727 1.000000 0.003330 
0.674131 2.356673 1.000000 0.003330 
0.672816 2.353613 1.000000 0.003331 
0.671511 2.350549 1.000000 0.003331 
0.670217 2.347478 1.000000 0.003332 
0.668934 2.344403 1.000000 0.003332 
0.667663 2.341323 1.000000 0.003333 
0.666402 2.338237 1.000000 0.003334 
0.665152 2.335146 1.000000 0.003334 
0.663913 2.332051 1.000000 0.003335 
0.662686 2.328950 1.000000 0.003335 
0.661470 2.325844 1.000000 0.003336 
0.660264 2.322734 1.000000 0.003336 
0.659070 2.319618 1.000000 0.003337 
0.657888 2.316498 1.000000 0.003337 
0.656716 2.313373 1.000000 0.003338 
0.655556 2.310243 1.000000 0.003338 
0.654407 2.307109 1.000000 0.003339 
0.653270 2.303970 1.000000 0.003339 
0.652144 2.300826 1.000000 0.003339 
0.651029 2.297678 1.000000 0.003340 
0.649926 2.294525 1.000000 0.003340 
0.648834 2.291368 1.000000 0.003341 
0.647754 2.288206 1.000000 0.003341 
0.646685 2.285040 1.000000 0.003342 
0.645628 2.281870 1.000000 0.003342 
0.644582 2.278696 1.000000 0.003343 
0.643548 2.275517 1.000000 0.003343 
0.642526 2.272334 1.000000 0.003343 
0.641515 2.269147 1.000000 0.003344 
0.640516 2.265955 1.000000 0.003344 
0.639528 2.262760 1.000000 0.003345 
0.638553 2.259561 1.000000 0.003345 
0.637588 2.256357 1.000000 0.003345 
0.636636 2.253150 1.000000 0.003346 
0.635696 2.249939 1.000000 0.003346 
0.634767 2.246724 1.000000 0.003347 
0.633850 2.243505 1.000000 0.003347 
0.632945 2.240283 1.000000 0.003347 
0.632052 2.237057 1.000000 0.003348 
0.631171 2.233827 1.000000 0.003348 
0.630301 2.230594 1.000000 0.003348 
0.629444 2.227357 1.000000 0.003349 
0.628598 2.224117 1.000000 0.003349 
0.627765 2.220873 1.000000 0.003349 
0.626943 2.217626 1.000000 0.003350 
0.626134 2.214375 1.000000 0.003350 
0.625336 2.211121 1.000000 0.003350 
0.624551 2.207864 1.000000 0.003351 
0.623778 2.204604 1.000000 0.003351 
0.623017 2.201341 1.000000 0.003351 
0.622267 2.198074 1.000000 0.003351 
0.621530 2.194804 1.000000 0.003352 
0.620806 2.191532 1.000000 0.003352 
0.620093 2.188256 1.000000 0.003352 
0.619392 2.184978 1.000000 0.003353 
0.618704 2.181696 1.000000 0.003353 
0.618028 2.178412 1.000000 0.003353 
0.617364 2.175125 1.000000 0.003353 
0.616712 2.171836 1.000000 0.003354 
0.616073 2.168544 1.000000 0.003354 
0.615446 2.165249 1.000000 0.003354 
0.614831 2.161951 1.000000 0.003354 
0.614229 2.158651 1.000000 0.003355 
0.613639 2.155349 1.000000 0.003355 
0.613061 2.152044 1.000000 0.003355 
0.612495 2.148737 1.000000 0.003355 
0.611942 2.145428 1.000000 0.003355 
0.611401 2.142116 1.000000 0.003356 
0.610873 2.138802 1.000000 0.003356 
0.610357 2.135486 1.000000 0.003356 
0.609854 2.132168 1.000000 0.003356 
0.609363 2.128847 1.000000 0.003356 
0.608884 2.125525 1.000000 0.003357 
0.608418 2.122201 1.000000 0.003357 
0.607964 2.118875 1.000000 0.003357 
0.607523 2.115547 1.000000 0.003357 
0.607094 2.112217 1.000000 0.003357 
0.606678 2.108886 1.000000 0.003357 
0.606274 2.105552 1.000000 0.003358 
0.605883 2.102218 1.000000 0.003358 
0.605504 2.098881 1.000000 0.003358 
0.605138 2.095543 1.000000 0.003358 
0.604784 2.092204 1.000000 0.003358 
0.604443 2.088863 1.000000 0.003358 
0.604115 2.085520 1.000000 0.003358 
0.603799 2.082177 1.000000 0.003359 
0.603495 2.078832 1.000000 0.003359 
0.603205 2.075486 1.000000 0.003359 
0.602926 2.072139 1.000000 0.003359 
0.602661 2.068790 1.000000 0.003359 
0.602408 2.065441 1.000000 0.003359 
0.602168 2.062090 1.000000 0.003359 
0.601940 2.058739 1.000000 0.003359 
0.601725 2.055386 1.000000 0.003359 
0.601522 2.052033 1.000000 0.003359 
0.601332 2.048679 1.000000 0.003360 
0.601155 2.045324 1.000000 0.003360 
0.600991 2.041968 1.000000 0.003360 
0.600839 2.038612 1.000000 0.003360 
0.600699 2.035255 1.000000 0.003360 
0.600573 2.031898 1.000000 0.003360 
0.600459 2.028540 1.000000 0.003360 
0.600358 2.025182 1.000000 0.003360 
0.600269 2.021823 1.000000 0.003360 
0.600193 2.018464 1.000000 0.003360 
0.600130 2.015105 1.000000 0.003360 
0.600079 2.011745 1.000000 0.003360 
0.600041 2.008385 1.000000 0.003360 
0.600016 2.005025 1.000000 0.003360 
0.600003 2.001665 1.000000 0.003360 
0.600003 1.998305 1.000000 0.003360 
0.600016 1.994946 1.000000 0.003360 
0.600041 1.991586 1.000000 0.003360 
0.600079 1.988226 1.000000 0.003360 
0.600130 1.984866 1.000000 0.003360 
0.600194 1.981507 1.000000 0.003360 
0.600270 1.978148 1.000000 0.003360 
0.600358 1.974789 1.000000 0.003360 
0.600460 1.971431 1.000000 0.003360 
0.600574 1.968073 1.000000 0.003360 
0.600701 1.964716 1.000000 0.003360 
0.600840 1.961359 1.000000 0.003360 
0.600992 1.958003 1.000000 0.003360 
0.601157 1.954647 1.000000 0.003360 
0.601334 1.951292 1.000000 0.003360 
0.601524 1.947938 1.000000 0.003359 
0.601726 1.944585 1.000000 0.003359 
0.601942 1.941232 1.000000 0.003359 
0.602170 1.937881 1.000000 0.003359 
0.602410 1.934530 1.000000 0.003359 
0.602663 1.931181 1.000000 0.003359 
0.602929 1.927833 1.000000 0.003359 
0.603207 1.924485 1.000000 0.003359 
0.603498 1.921139 1.000000 0.003359 
0.603801 1.917794 1.000000 0.003359 
0.604117 1.914451 1.000000 0.003358 
0.604446 1.911108 1.000000 0.003358 
0.604787 1.907767 1.000000 0.003358 
0.605141 1.904428 1.000000 0.003358 
0.605507 1.901090 1.000000 0.003358 
0.605886 1.897754 1.000000 0.003358 
0.606277 1.894419 1.000000 0.003358 
0.606681 1.891086 1.000000 0.003357 
0.607098 1.887754 1.000000 0.003357 
0.607527 1.884424 1.000000 0.003357 
0.607968 1.881097 1.000000 0.003357 
0.608422 1.877770 1.000000 0.003357 
0.608888 1.874446 1.000000 0.003357 
0.609367 1.871124 1.000000 0.003356 
0.609858 1.867804 1.000000 0.003356 
0.610362 1.864486 1.000000 0.003356 
0.610878 1.861170 1.000000 0.003356 
0.611406 1.857856 1.000000 0.003356 
0.611947 1.854544 1.000000 0.003355 
0.612500 1.851234 1.000000 0.003355 
0.613066 1.847927 1.000000 0.003355 
0.613644 1.844623 1.000000 0.003355 
0.614234 1.841320 1.000000 0.003355 
0.614836 1.838020 1.000000 0.003354 
0.615451 1.834723 1.000000 0.003354 
0.616078 1.831428 1.000000 0.003354 
0.616718 1.828136 1.000000 0.003354 
0.617370 1.824846 1.000000 0.003353 
0.618034 1.821559 1.000000 0.003353 
0.618710 1.818275 1.000000 0.003353 
0.619398 1.814994 1.000000 0.003353 
0.620099 1.811715 1.000000 0.003352 
0.620812 1.808440 1.000000 0.003352 
0.621537 1.805167 1.000000 0.003352 
0.622274 1.801898 1.000000 0.003351 
0.623023 1.798631 1.000000 0.003351 
0.623784 1.795368 1.000000 0.003351 
0.624558 1.792108 1.000000 0.003351 
0.625343 1.788851 1.000000 0.003350 
0.626141 1.785597 1.000000 0.003350 
0.626950 1.782346 1.000000 0.003350 
0.627772 1.779099 1.000000 0.003349 
0.628606 1.775855 1.000000 0.003349 
0.629451 1.772615 1.000000 0.003349 
0.630309 1.769378 1.000000 0.003348 
0.631178 1.766145 1.000000 0.003348 
0.632060 1.762915 1.000000 0.003348 
0.632953 1.759689 1.000000 0.003347 
0.633858 1.756467 1.000000 0.003347 
0.634775 1.753248 1.000000 0.003347 
0.635704 1.750033 1.000000 0.003346 
0.636644 1.746822 1.000000 0.003346 
0.637597 1.743615 1.000000 0.003345 
0.638561 1.740412 1.000000 0.003345 
0.639537 1.737212 1.000000 0.003345 
0.640524 1.734017 1.000000 0.003344 
0.641524 1.730826 1.000000 0.003344 
0.642535 1.727639 1.000000 0.003343 
0.643557 1.724456 1.000000 0.003343 
0.644591 1.721277 1.000000 0.003343 
0.645637 1.718102 1.000000 0.003342 
0.646694 1.714932 1.000000 0.003342 
0.647763 1.711766 1.000000 0.003341 
0.648844 1.708605 1.000000 0.003341 
0.649935 1.705448 1.000000 0.003340 
0.651039 1.702295 1.000000 0.003340 
0.652154 1.699147 1.000000 0.003339 
0.653280 1.696003 1.000000 0.003339 
0.654417 1.692864 1.000000 0.003339 
0.655566 1.689730 1.000000 0.003338 
0.656726 1.686600 1.000000 0.003338 
0.657898 1.683475 1.000000 0.003337 
0.659081 1.680355 1.000000 0.003337 
0.660275 1.677239 1.000000 0.003336 
0.661480 1.674129 1.000000 0.003336 
0.662696 1.671023 1.000000 0.003335 
0.663924 1.667923 1.000000 0.003335 
0.665163 1.664827 1.000000 0.003334 
0.666413 1.661736 1.000000 0.003334 
0.667673 1.658651 1.000000 0.003333 
0.668945 1.655570 1.000000 0.003332 
0.670228 1.652495 1.000000 0.003332 
0.671522 1.649425 1.000000 0.003331 
0.672827 1.646360 1.000000 0.003331 
0.674143 1.643301 1.000000 0.003330 
0.675469 1.640246 1.000000 0.003330 
0.676807 1.637197 1.000000 0.003329 
0.678155 1.634154 1.000000 0.003328 
0.679514 1.631116 1.000000 0.003328 
0.680884 1.628083 1.000000 0.003327 
0.682265 1.625056 1.000000 0.003327 
0.683656 1.622035 1.000000 0.003326 
0.685058 1.619019 1.000000 0.003325 
0.686471 1.616009 1.000000 0.003325 
0.687894 1.613004 1.000000 0.003324 
0.689328 1.610005 1.000000 0.003324 
0.690772 1.607012 1.000000 0.003323 
0.692227 1.604025 1.000000 0.003322 
0.693692 1.601044 1.000000 0.003322 
0.695168 1.598068 1.000000 0.003321 
0.696654 1.595099 1.000000 0.003320 
0.698150 1.592135 1.000000 0.003320 
0.699657 1.589177 1.000000 0.003319 
0.701174 1.586226 1.000000 0.003318 
0.702701 1.583280 1.000000 0.003318 
0.704239 1.580341 1.000000 0.003317 
0.705786 1.577407 1.000000 0.003316 
0.707344 1.574480 1.000000 0.003316 
0.708912 1.571559 1.000000 0.003315 
0.710490 1.568644 1.000000 0.003314 
0.712078 1.565736 1.000000 0.003313 
0.713676 1.562834 1.000000 0.003313 
0.715284 1.559938 1.000000 0.003312 
0.716902 1.557049 1.000000 0.003311 
0.718530 1.554166 1.000000 0.003310 
0.720168 1.551289 1.000000 0.003310 
0.721815 1.548419 1.000000 0.003309 
0.723473 1.545556 1.000000 0.003308 
0.725140 1.542699 1.000000 0.003307 
0.726816 1.539848 1.000000 0.003307 
0.728503 1.537005 1.000000 0.003306 
0.730199 1.534168 1.000000 0.003305 
0.731904 1.531337 1.000000 0.003304 
0.733620 1.528514 1.000000 0.003303 
0.735344 1.525697 1.000000 0.003303 
0.737078 1.522887 1.000000 0.003302 
0.738822 1.520083 1.000000 0.003301 
0.740575 1.517287 1.000000 0.003300 
0.742337 1.514497 1.000000 0.003299 
0.744109 1.511715 1.000000 0.003298 
0.745890 1.508939 1.000000 0.003297 
0.747680 1.506170 1.000000 0.003297 
0.749479 1.503409 1.000000 0.003296 
0.751288 1.500654 1.000000 0.003295 
0.753105 1.497906 1.000000 0.003294 
0.754932 1.495166 1.000000 0.003293 
0.756768 1.492433 1.000000 0.003292 
0.758612 1.489706 1.000000 0.003291 
0.760466 1.486987 1.000000 0.003290 
0.762329 1.484276 1.000000 0.003289 
0.764200 1.481571 1.000000 0.003288 
0.766080 1.478874 1.000000 0.003288 
0.767969 1.476184 1.000000 0.003287 
0.769867 1.473501 1.000000 0.003286 
0.771773 1.470826 1.000000 0.003285 
0.773689 1.468158 1.000000 0.003284 
0.775612 1.465497 1.000000 0.003283 
0.777545 1.462844 1.000000 0.003282 
0.779485 1.460198 1.000000 0.003281 
0.781435 1.457560 1.000000 0.003280 
0.783392 1.454929 1.000000 0.003279 
0.785359 1.452306 1.000000 0.003278 
0.787333 1.449690 1.000000 0.003277 
0.789316 1.447082 1.000000 0.003276 
0.791307 1.444482 1.000000 0.003275 
0.793306 1.441889 1.000000 0.003274 
0.795314 1.439304 1.000000 0.003273 
0.797330 1.436727 1.000000 0.003272 
0.799353 1.434157 1.000000 0.003270 
0.801385 1.431595 1.000000 0.003269 
0.803425 1.429040 1.000000 0.003268 
0.805473 1.426494 1.000000 0.003267 
0.807528 1.423955 1.000000 0.003266 
0.809592 1.421424 1.000000 0.003265 
0.811663 1.418901 1.000000 0.003264 
0.813743 1.416386 1.000000 0.003263 
0.815829 1.413879 1.000000 0.003262 
0.817924 1.411379 1.000000 0.003261 
0.820026 1.408888 1.000000 0.003259 
0.822136 1.406404 1.000000 0.003258 
0.824254 1.403928 1.000000 0.003257 
0.826379 1.401461 1.000000 0.003256 
0.828511 1.399001 1.000000 0.003255 
0.830651 1.396549 1.000000 0.003254 
0.832798 1.394106 1.000000 0.003252 
0.834953 1.391670 1.000000 0.003251 
0.837115 1.389243 1.000000 0.003250 
0.839284 1.386824 1.000000 0.003249 
0.841461 1.384412 1.000000 0.003248 
0.843644 1.382009 1.000000 0.003246 
0.845835 1.379614 1.000000 0.003245 
0.848032 1.377227 1.000000 0.003244 
0.850237 1.374849 1.000000 0.003243 
0.852449 1.372478 1.000000 0.003241 
0.854668 1.370116 1.000000 0.003240 
0.856893 1.367762 1.000000 0.003239 
0.859125 1.365416 1.000000 0.003238 
0.861365 1.363079 1.000000 0.003236 
0.863611 1.360749 1.000000 0.003235 
0.865863 1.358429 1.000000 0.003234 
0.868122 1.356116 1.000000 0.003232 
0.870388 1.353812 1.000000 0.003231 
0.872661 1.351516 1.000000 0.003230 
0.874940 1.349228 1.000000 0.003228 
0.877225 1.346949 1.000000 0.003227 
0.879517 1.344678 1.000000 0.003226 
0.881815 1.342415 1.000000 0.003224 
0.884120 1.340161 1.000000 0.003223 
0.886430 1.337915 1.000000 0.003222 
0.888748 1.335678 1.000000 0.003220 
0.891071 1.333449 1.000000 0.003219 
0.893400 1.331229 1.000000 0.003217 
0.895736 1.329017 1.000000 0.003216 
0.898077 1.326813 1.000000 0.003215 
0.900425 1.324618 1.000000 0.003213 
0.902778 1.322431 1.000000 0.003212 
0.905138 1.320253 1.000000 0.003210 
0.907503 1.318084 1.000000 0.003209 
0.909874 1.315923 1.000000 0.003207 
0.912251 1.313770 1.000000 0.003206 
0.914634 1.311626 1.000000 0.003205 
0.917022 1.309490 1.000000 0.003203 
0.919416 1.307363 1.000000 0.003202 
0.921815 1.305245 1.000000 0.003200 
0.924220 1.303135 1.000000 0.003199 
0.926631 1.301034 1.000000 0.003197 
0.929047 1.298941 1.000000 0.003196 
0.931468 1.296857 1.000000 0.003194 
0.933895 1.294782 1.000000 0.003192 
0.936327 1.292715 1.000000 0.003191 
0.938764 1.290656 1.000000 0.003189 
0.941207 1.288607 1.000000 0.003188 
0.943654 1.286566 1.000000 0.003186 
0.946107 1.284533 1.000000 0.003185 
0.948565 1.282509 1.000000 0.003183 
0.951028 1.280494 1.000000 0.003182 
0.953496 1.278487 1.000000 0.003180 
0.955968 1.276489 1.000000 0.003178 
0.958446 1.274500 1.000000 0.003177 
0.960929 1.272519 1.000000 0.003175 
0.963416 1.270547 1.000000 0.003173 
0.965908 1.268584 1.000000 0.003172 
0.968405 1.266629 1.000000 0.003170 
0.970906 1.264683 1.000000 0.003168 
0.973412 1.262745 1.000000 0.003167 
0.975923 1.260816 1.000000 0.003165 
0.978438 1.258896 1.000000 0.003163 
0.980957 1.256985 1.000000 0.003162 
0.983481 1.255082 1.000000 0.003160 
0.986010 1.253187 1.000000 0.003158 
0.988542 1.251302 1.000000 0.003157 
0.991079 1.249425 1.000000 0.003155 
0.993621 1.247557 1.000000 0.003153 
0.996166 1.245697 1.000000 0.003151 
0.998716 1.243846 1.000000 0.003150 
1.001269 1.242004 1.000000 0.003148 
1.003827 1.240170 1.000000 0.003146 
1.006389 1.238345 1.000000 0.003144 
1.008954 1.236529 1.000000 0.003143 
1.011524 1.234721 1.000000 0.003141 
1.014097 1.232922 1.000000 0.003139 
1.016675 1.231132 1.000000 0.003137 
1.019256 1.229350 1.000000 0.003135 
1.021841 1.227577 1.000000 0.003134 
1.024429 1.225812 1.000000 0.003132 
1.027021 1.224056 1.000000 0.003130 
1.029617 1.222309 1.000000 0.003128 
1.032217 1.220570 1.000000 0.003126 
1.034820 1.218840 1.000000 0.003124 
1.037426 1.217119 1.000000 0.003123 
1.040036 1.215406 1.000000 0.003121 
1.042649 1.213702 1.000000 0.003119 
1.045265 1.212006 1.000000 0.003117 
1.047885 1.210319 1.000000 0.003115 
1.050508 1.208640 1.000000 0.003113 
1.053134 1.206970 1.000000 0.003111 
1.055764 1.205309 1.000000 0.003109 
1.058396 1.203656 1.000000 0.003107 
1.061032 1.202012 1.000000 0.003105 
1.063670 1.200376 1.000000 0.003104 
1.066312 1.198749 1.000000 0.003102 
1.068957 1.197131 1.000000 0.003100 
1.071604 1.195520 1.000000 0.003098 
1.074254 1.193919 1.000000 0.003096 
1.076907 1.192326 1.000000 0.003094 
1.079563 1.190741 1.000000 0.003092 
1.082222 1.189165 1.000000 0.003090 
1.084883 1.187597 1.000000 0.003088 
1.087547 1.186038 1.000000 0.003086 
1.090214 1.184487 1.000000 0.003084 
1.092883 1.182945 1.000000 0.003082 
1.095554 1.181411 1.000000 0.003080 
1.098228 1.179886 1.000000 0.003078 
1.100905 1.178369 1.000000 0.003076 
1.103584 1.176860 1.000000 0.003073 
1.106265 1.175360 1.000000 0.003071 
1.108949 1.173868 1.000000 0.003069 
1.111635 1.172384 1.000000 0.003067 
1.114323 1.170909 1.000000 0.003065 
1.117013 1.169442 1.000000 0.003063 
1.119705 1.167984 1.000000 0.003061 
1.122400 1.166534 1.000000 0.003059 
1.125096 1.165092 1.000000 0.003057 
1.127795 1.163658 1.000000 0.003055 
1.130495 1.162233 1.000000 0.003053 
1.133198 1.160816 1.000000 0.003050 
1.135902 1.159407 1.000000 0.003048 
1.138608 1.158006 1.000000 0.003046 
1.141316 1.156614 1.000000 0.003044 
1.144026 1.155230 1.000000 0.003042 
1.146737 1.153854 1.000000 0.003040 
1.149451 1.152486 1.000000 0.003037 
1.152166 1.151126 1.000000 0.003035 
1.154882 1.149775 1.000000 0.003033 
1.157600 1.148432 1.000000 0.003031 
1.160320 1.147096 1.000000 0.003029 
1.163041 1.145769 1.000000 0.003026 
1.165764 1.144450 1.000000 0.003024 
1.168488 1.143139 1.000000 0.003022 
1.171213 1.141836 1.000000 0.003020 
1.173940 1.140541 1.000000 0.003018 
1.176668 1.139254 1.000000 0.003015 
1.179397 1.137975 1.000000 0.003013 
1.182128 1.136704 1.000000 0.003011 
1.184860 1.135441 1.000000 0.003009 
1.187592 1.134186 1.000000 0.003006 
1.190327 1.132939 1.000000 0.003004 
1.193062 1.131700 1.000000 0.003002 
1.195798 1.130468 1.000000 0.002999 
1.198535 1.129245 1.000000 0.002997 
1.201273 1.128029 1.000000 0.002995 
1.204012 1.126821 1.000000 0.002992 
1.206753 1.125621 1.000000 0.002990 
1.209493 1.124429 1.000000 0.002988 
1.212235 1.123244 1.000000 0.002986 
1.214978 1.122068 1.000000 0.002983 
1.217721 1.120899 1.000000 0.002981 
1.220465 1.119737 1.000000 0.002979 
1.223210 1.118584 1.000000 0.002976 
1.225955 1.117438 1.000000 0.002974 
1.228701 1.116299 1.000000 0.002971 
1.231448 1.115169 1.000000 0.002969 
1.234195 1.114046 1.000000 0.002967 
1.236943 1.112930 1.000000 0.002964 
1.239691 1.111822 1.000000 0.002962 
1.242440 1.110722 1.000000 0.002960 
1.245189 1.109629 1.000000 0.002957 
1.247938 1.108543 1.000000 0.002955 
1.250688 1.107465 1.000000 0.002952 
1.253438 1.106395 1.000000 0.002950 
1.256189 1.105332 1.000000 0.002948 
1.258940 1.104276 1.000000 0.002945 
1.261691 1.103228 1.000000 0.002943 
1.264442 1.102187 1.000000 0.002940 
1.267193 1.101153 1.000000 0.002938 
1.269945 1.100127 1.000000 0.002935 
1.272696 1.099108 1.000000 0.002933 
1.275448 1.098096 1.000000 0.002931 
1.278200 1.097092 1.000000 0.002928 
1.280951 1.096095 1.000000 0.002926 
1.283703 1.095105 1.000000 0.002923 
1.286455 1.094122 1.000000 0.002921 
1.289206 1.093146 1.000000 0.002918 
1.291958 1.092177 1.000000 0.002916 
1.294709 1.091216 1.000000 0.002913 
1.297460 1.090261 1.000000 0.002911 
1.300211 1.089314 1.000000 0.002908 
1.302962 1.088373 1.000000 0.002906 
1.305712 1.087440 1.000000 0.002903 
1.308463 1.086513 1.000000 0.002901 
1.311212 1.085594 1.000000 0.002898 
1.313962 1.084681 1.000000 0.002896 
1.316711 1.083775 1.000000 0.002893 
1.319460 1.082876 1.000000 0.002891 
1.322208 1.081984 1.000000 0.002888 
1.324956 1.081099 1.000000 0.002886 
1.327704 1.080221 1.000000 0.002883 
1.330451 1.079349 1.000000 0.002881 
1.333197 1.078484 1.000000 0.002878 
1.335943 1.077626 1.000000 0.002876 
1.338689 1.076774 1.000000 0.002873 
1.341433 1.075929 1.000000 0.002871 
1.344177 1.075091 1.000000 0.002868 
1.346921 1.074260 1.000000 0.002865 
1.349664 1.073434 1.000000 0.002863 
1.352406 1.072616 1.000000 0.002860 
1.355147 1.071804 1.000000 0.002858 
1.357888 1.070998 1.000000 0.002855 
1.360627 1.070199 1.000000 0.002853 
1.363367 1.069406 1.000000 0.002850 
1.366105 1.068620 1.000000 0.002848 
1.368842 1.067840 1.000000 0.002845 
1.371579 1.067067 1.000000 0.002842 
1.374314 1.066300 1.000000 0.002840 
1.377049 1.065539 1.000000 0.002837 
1.379783 1.064784 1.000000 0.002835 
1.382516 1.064036 1.000000 0.002832 
1.385247 1.063294 1.000000 0.002830 
1.387978 1.062558 1.000000 0.002827 
1.390708 1.061828 1.000000 0.002824 
1.393437 1.061104 1.000000 0.002822 
1.396164 1.060386 1.000000 0.002819 
1.398891 1.059675 1.000000 0.002817 
1.401617 1.058969 1.000000 0.002814 
1.404341 1.058270 1.000000 0.002811 
1.407064 1.057576 1.000000 0.002809 
1.409786 1.056889 1.000000 0.002806 
1.412507 1.056207 1.000000 0.002804 
1.415227 1.055531 1.000000 0.002801 
1.417945 1.054861 1.000000 0.002799 
1.420663 1.054197 1.000000 0.002796 
1.423379 1.053539 1.000000 0.002793 
1.426093 1.052887 1.000000 0.002791 
1.428807 1.052240 1.000000 0.002788 
1.431519 1.051599 1.000000 0.002786 
1.434230 1.050963 1.000000 0.002783 
1.436939 1.050334 1.000000 0.002780 
1.439647 1.049710 1.000000 0.002778 
1.442354 1.049091 1.000000 0.002775 
1.445059 1.048478 1.000000 0.002773 
1.447763 1.047871 1.000000 0.002770 
1.450466 1.047269 1.000000 0.002767 
1.453167 1.046673 1.000000 0.002765 
1.455866 1.046082 1.000000 0.002762 
1.458564 1.045497 1.000000 0.002760 
1.461261 1.044917 1.000000 0.002757 
1.463956 1.044342 1.000000 0.002754 
1.466650 1.043773 1.000000 0.002752 
1.469342 1.043209 1.000000 0.002749 
1.472032 1.042650 1.000000 0.002747 
1.474721 1.042096 1.000000 0.002744 
1.477409 1.041548 1.000000 0.002741 
1.480094 1.041005 1.000000 0.002739 
1.482779 1.040467 1.000000 0.002736 
1.485461 1.039934 1.000000 0.002734 
1.488142 1.039406 1.000000 0.002731 
1.490821 1.038883 1.000000 0.002729 
1.493499 1.038366 1.000000 0.002726 
1.496175 1.037853 1.000000 0.002723 
1.498849 1.037345 1.000000 0.002721 
1.501522 1.036843 1.000000 0.002718 
1.504193 1.036345 1.000000 0.002716 
1.506862 1.035852 1.000000 0.002713 
1.509530 1.035364 1.000000 0.002711 
1.512196 1.034880 1.000000 0.002708 
1.514860 1.034402 1.000000 0.002705 
1.517522 1.033928 1.000000 0.002703 
1.520183 1.033459 1.000000 0.002700 
1.522842 1.032995 1.000000 0.002698 
1.525499 1.032535 1.000000 0.002695 
1.528154 1.032080 1.000000 0.002693 
1.530808 1.031630 1.000000 0.002690 
1.533459 1.031184 1.000000 0.002688 
1.536109 1.030743 1.000000 0.002685 
1.538757 1.030306 1.000000 0.002683 
1.541403 1.029874 1.000000 0.002680 
1.544048 1.029447 1.000000 0.002678 
1.546691 1.029023 1.000000 0.002675 
1.549331 1.028604 1.000000 0.002673 
1.551970 1.028190 1.000000 0.002670 
1.554607 1.027780 1.000000 0.002668 
1.557242 1.027374 1.000000 0.002665 
1.559876 1.026972 1.000000 0.002663 
1.562507 1.026575 1.000000 0.002660 
1.565137 1.026182 1.000000 0.002658 
1.567764 1.025793 1.000000 0.002655 
1.570390 1.025408 1.000000 0.002653 
1.573014 1.025028 1.000000 0.002650 
1.575636 1.024651 1.000000 0.002648 
1.578256 1.024279 1.000000 0.002645 
1.580875 1.023911 1.000000 0.002643 
1.583491 1.023546 1.000000 0.002640 
1.586105 1.023186 1.000000 0.002638 
1.588718 1.022830 1.000000 0.002635 
1.591328 1.022477 1.000000 0.002633 
1.593937 1.022129 1.000000 0.002631 
1.596544 1.021784 1.000000 0.002628 
1.599149 1.021444 1.000000 0.002626 
1.601751 1.021107 1.000000 0.002623 
1.604352 1.020774 1.000000 0.002621 
1.606951 1.020444 1.000000 0.002619 
1.609548 1.020119 1.000000 0.002616 
1.612144 1.019797 1.000000 0.002614 
1.614737 1.019479 1.000000 0.002611 
1.617328 1.019164 1.000000 0.002609 
1.619917 1.018853 1.000000 0.002607 
1.622505 1.018546 1.000000 0.002604 
1.625090 1.018242 1.000000 0.002602 
1.627674 1.017942 1.000000 0.002600 
1.630255 1.017645 1.000000 0.002597 
1.632835 1.017352 1.000000 0.002595 
1.635413 1.017062 1.000000 0.002593 
1.637989 1.016776 1.000000 0.002591 
1.640562 1.016493 1.000000 0.002588 
1.643134 1.016213 1.000000 0.002586 
1.645704 1.015937 1.000000 0.002584 
1.648272 1.015664 1.000000 0.002581 
1.650839 1.015394 1.000000 0.002579 
1.653403 1.015128 1.000000 0.002577 
1.655965 1.014865 1.000000 0.002575 
1.658526 1.014605 1.000000 0.002572 
1.661084 1.014348 1.000000 0.002570 
1.663641 1.014095 1.000000 0.002568 
1.666195 1.013844 1.000000 0.002566 
1.668748 1.013597 1.000000 0.002564 
1.671299 1.013353 1.000000 0.002561 
1.673848 1.013112 1.000000 0.002559 
1.676395 1.012874 1.000000 0.002557 
1.678940 1.012639 1.000000 0.002555 
1.681484 1.012407 1.000000 0.002553 
1.684025 1.012177 1.000000 0.002551 
1.686565 1.011951 1.000000 0.002549 
1.689102 1.011728 1.000000 0.002546 
1.691638 1.011507 1.000000 0.002544 
1.694172 1.011290 1.000000 0.002542 
1.696704 1.011075 1.000000 0.002540 
1.699235 1.010863 1.000000 0.002538 
1.701763 1.010654 1.000000 0.002536 
1.704290 1.010448 1.000000 0.002534 
1.706815 1.010244 1.000000 0.002532 
1.709338 1.010043 1.000000 0.002530 
1.711859 1.009845 1.000000 0.002528 
1.714378 1.009649 1.000000 0.002526 
1.716896 1.009456 1.000000 0.002524 
1.719412 1.009266 1.000000 0.002522 
1.721926 1.009078 1.000000 0.002520 
1.724438 1.008893 1.000000 0.002518 
1.726949 1.008710 1.000000 0.002516 
1.729457 1.008530 1.000000 0.002514 
1.731964 1.008352 1.000000 0.002512 
1.734470 1.008177 1.000000 0.002510 
1.736973 1.008004 1.000000 0.002509 
1.739475 1.007834 1.000000 0.002507 
1.741975 1.007666 1.000000 0.002505 
1.744474 1.007501 1.000000 0.002503 
1.746970 1.007337 1.000000 0.002501 
1.749466 1.007177 1.000000 0.002499 
1.751959 1.007018 1.000000 0.002498 
1.754451 1.006862 1.000000 0.002496 
1.756941 1.006708 1.000000 0.002494 
1.759429 1.006556 1.000000 0.002492 
1.761916 1.006407 1.000000 0.002490 
1.764401 1.006260 1.000000 0.002489 
1.766885 1.006115 1.000000 0.002487 
1.769367 1.005972 1.000000 0.002485 
1.771847 1.005831 1.000000 0.002484 
1.774326 1.005693 1.000000 0.002482 
1.776803 1.005556 1.000000 0.002480 
1.779279 1.005422 1.000000 0.002479 
1.781753 1.005290 1.000000 0.002477 
1.784226 1.005160 1.000000 0.002475 
1.786697 1.005032 1.000000 0.002474 
1.789167 1.004905 1.000000 0.002472 
1.791635 1.004781 1.000000 0.002471 
1.794102 1.004659 1.000000 0.002469 
1.796567 1.004539 1.000000 0.002467 
1.799031 1.004421 1.000000 0.002466 
1.801493 1.004304 1.000000 0.002464 
1.803954 1.004190 1.000000 0.002463 
1.806414 1.004077 1.000000 0.002461 
1.808872 1.003967 1.000000 0.002460 
1.811329 1.003858 1.000000 0.002458 
1.813784 1.003751 1.000000 0.002457 
1.816238 1.003646 1.000000 0.002456 
1.818691 1.003542 1.000000 0.002454 
1.821142 1.003441 1.000000 0.002453 
1.823592 1.003341 1.000000 0.002451 
1.826041 1.003243 1.000000 0.002450 
1.828488 1.003147 1.000000 0.002449 
1.830935 1.003052 1.000000 0.002447 
1.833380 1.002959 1.000000 0.002446 
1.835823 1.002868 1.000000 0.002445 
1.838266 1.002779 1.000000 0.002444 
1.840707 1.002691 1.000000 0.002442 
1.843147 1.002605 1.000000 0.002441 
1.845586 1.002520 1.000000 0.002440 
1.848024 1.002437 1.000000 0.002439 
1.850461 1.002356 1.000000 0.002437 
1.852896 1.002276 1.000000 0.002436 
1.855331 1.002198 1.000000 0.002435 
1.857764 1.002121 1.000000 0.002434 
1.860196 1.002046 1.000000 0.002433 
1.862627 1.001973 1.000000 0.002432 
1.865057 1.001901 1.000000 0.002431 
1.867486 1.001830 1.000000 0.002430 
1.869915 1.001761 1.000000 0.002429 
1.872342 1.001694 1.000000 0.002427 
1.874768 1.001628 1.000000 0.002426 
1.877193 1.001563 1.000000 0.002425 
1.879617 1.001500 1.000000 0.002425 
1.882040 1.001438 1.000000 0.002424 
1.884463 1.001378 1.000000 0.002423 
1.886884 1.001319 1.000000 0.002422 
1.889305 1.001262 1.000000 0.002421 
1.891724 1.001206 1.000000 0.002420 
1.894143 1.001151 1.000000 0.002419 
1.896561 1.001098 1.000000 0.002418 
1.898978 1.001046 1.000000 0.002417 
1.901395 1.000995 1.000000 0.002417 
1.903811 1.000946 1.000000 0.002416 
1.906225 1.000898 1.000000 0.002415 
1.908640 1.000852 1.000000 0.002414 
1.911053 1.000807 1.000000 0.002414 
1.913466 1.000763 1.000000 0.002413 
1.915878 1.000720 1.000000 0.002412 
1.918289 1.000679 1.000000 0.002411 
1.920700 1.000639 1.000000 0.002411 
1.923110 1.000600 1.000000 0.002410 
1.925520 1.000562 1.000000 0.002410 
1.927929 1.000526 1.000000 0.002409 
1.930337 1.000491 1.000000 0.002408 
1.932745 1.000457 1.000000 0.002408 
1.935152 1.000425 1.000000 0.002407 
1.937559 1.000394 1.000000 0.002407 
1.939965 1.000364 1.000000 0.002406 
1.942371 1.000335 1.000000 0.002406 
1.944776 1.000307 1.000000 0.002405 
1.947181 1.000281 1.000000 0.002405 
1.949586 1.000256 1.000000 0.002404 
1.951990 1.000232 1.000000 0.002404 
1.954393 1.000209 1.000000 0.002404 
1.956797 1.000188 1.000000 0.002403 
1.959200 1.000167 1.000000 0.002403 
1.961602 1.000148 1.000000 0.002403 
1.964005 1.000130 1.000000 0.002402 
1.966407 1.000113 1.000000 0.002402 
1.968808 1.000098 1.000000 0.002402 
1.971210 1.000083 1.000000 0.002401 
1.973611 1.000070 1.000000 0.002401 
1.976012 1.000058 1.000000 0.002401 
1.978413 1.000047 1.000000 0.002401 
1.980814 1.000037 1.000000 0.002401 
1.983214 1.000028 1.000000 0.002400 
1.985615 1.000021 1.000000 0.002400 
1.988015 1.000015 1.000000 0.002400 
1.990415 1.000009 1.000000 0.002400 
1.992815 1.000005 1.000000 0.002400 
1.995216 1.000002 1.000000 0.002400 
1.997616 1.000001 1.000000 0.002400 
2.000016 1.000000 1.000000 0.002400 
2.002416 1.000001 1.000000 0.002400 
2.004816 1.000002 1.000000 0.002400 
2.007216 1.000005 1.000000 0.002400 
2.009616 1.000009 1.000000 0.002400 
2.012016 1.000015 1.000000 0.002400 
2.014416 1.000021 1.000000 0.002400 
2.016817 1.000028 1.000000 0.002400 
2.019217 1.000037 1.000000 0.002401 
2.021618 1.000047 1.000000 0.002401 
2.024019 1.000058 1.000000 0.002401 
2.026420 1.000070 1.000000 0.002401 
2.028821 1.000083 1.000000 0.002401 
2.031223 1.000098 1.000000 0.002402 
2.033624 1.000114 1.000000 0.002402 
2.036027 1.000130 1.000000 0.002402 
2.038429 1.000148 1.000000 0.002403 
2.040831 1.000168 1.000000 0.002403 
2.043234 1.000188 1.000000 0.002403 
2.045638 1.000209 1.000000 0.002404 
2.048041 1.000232 1.000000 0.002404 
2.050445 1.000256 1.000000 0.002404 
2.052850 1.000281 1.000000 0.002405 
2.055255 1.000308 1.000000 0.002405 
2.057660 1.000335 1.000000 0.002406 
2.060066 1.000364 1.000000 0.002406 
2.062472 1.000394 1.000000 0.002407 
2.064879 1.000425 1.000000 0.002407 
2.067286 1.000458 1.000000 0.002408 
2.069694 1.000492 1.000000 0.002408 
2.072102 1.000527 1.000000 0.002409 
2.074511 1.000563 1.000000 0.002410 
2.076921 1.000600 1.000000 0.002410 
2.079331 1.000639 1.000000 0.002411 
2.081742 1.000679 1.000000 0.002411 
2.084153 1.000721 1.000000 0.002412 
2.086565 1.000763 1.000000 0.002413 
2.088978 1.000807 1.000000 0.002414 
2.091392 1.000852 1.000000 0.002414 
2.093806 1.000899 1.000000 0.002415 
2.096221 1.000947 1.000000 0.002416 
2.098636 1.000996 1.000000 0.002417 
2.101053 1.001047 1.000000 0.002417 
2.103470 1.001099 1.000000 0.002418 
2.105888 1.001152 1.000000 0.002419 
2.108307 1.001206 1.000000 0.002420 
2.110727 1.001263 1.000000 0.002421 
2.113147 1.001320 1.000000 0.002422 
2.115569 1.001379 1.000000 0.002423 
2.117991 1.001439 1.000000 0.002424 
2.120414 1.001501 1.000000 0.002425 
2.122839 1.001564 1.000000 0.002426 
2.125264 1.001628 1.000000 0.002426 
2.127690 1.001695 1.000000 0.002428 
2.130117 1.001762 1.000000 0.002429 
2.132545 1.001831 1.000000 0.002430 
2.134974 1.001902 1.000000 0.002431 
2.137404 1.001974 1.000000 0.002432 
2.139835 1.002047 1.000000 0.002433 
2.142268 1.002122 1.000000 0.002434 
2.144701 1.002199 1.000000 0.002435 
2.147135 1.002277 1.000000 0.002436 
2.149571 1.002357 1.000000 0.002437 
2.152008 1.002438 1.000000 0.002439 
2.154445 1.002521 1.000000 0.002440 
2.156884 1.002606 1.000000 0.002441 
2.159324 1.002692 1.000000 0.002442 
2.161766 1.002780 1.000000 0.002444 
2.164208 1.002869 1.000000 0.002445 
2.166652 1.002960 1.000000 0.002446 
2.169097 1.003053 1.000000 0.002447 
2.171543 1.003148 1.000000 0.002449 
2.173991 1.003244 1.000000 0.002450 
2.176440 1.003342 1.000000 0.002451 
2.178890 1.003442 1.000000 0.002453 
2.181341 1.003544 1.000000 0.002454 
2.183794 1.003647 1.000000 0.002456 
2.186248 1.003752 1.000000 0.002457 
2.188703 1.003859 1.000000 0.002458 
2.191160 1.003968 1.000000 0.002460 
2.193618 1.004079 1.000000 0.002461 
2.196078 1.004191 1.000000 0.002463 
2.198539 1.004306 1.000000 0.002464 
2.201001 1.004422 1.000000 0.002466 
2.203465 1.004540 1.000000 0.002467 
2.205930 1.004661 1.000000 0.002469 
2.208397 1.004783 1.000000 0.002471 
2.210865 1.004907 1.000000 0.002472 
2.213335 1.005033 1.000000 0.002474 
2.215806 1.005161 1.000000 0.002475 
2.218279 1.005292 1.000000 0.002477 
2.220753 1.005424 1.000000 0.002479 
2.223229 1.005558 1.000000 0.002480 
2.225706 1.005695 1.000000 0.002482 
2.228185 1.005833 1.000000 0.002484 
2.230665 1.005974 1.000000 0.002485 
2.233147 1.006117 1.000000 0.002487 
2.235631 1.006262 1.000000 0.002489 
2.238116 1.006409 1.000000 0.002490 
2.240603 1.006558 1.000000 0.002492 
2.243092 1.006710 1.000000 0.002494 
2.245582 1.006864 1.000000 0.002496 
2.248073 1.007020 1.000000 0.002498 
2.250567 1.007179 1.000000 0.002499 
2.253062 1.007340 1.000000 0.002501 
2.255559 1.007503 1.000000 0.002503 
2.258057 1.007668 1.000000 0.002505 
2.260557 1.007836 1.000000 0.002507 
2.263059 1.008007 1.000000 0.002509 
2.265563 1.008179 1.000000 0.002510 
2.268068 1.008354 1.000000 0.002512 
2.270575 1.008532 1.000000 0.002514 
2.273084 1.008712 1.000000 0.002516 
2.275594 1.008895 1.000000 0.002518 
2.278107 1.009080 1.000000 0.002520 
2.280621 1.009268 1.000000 0.002522 
2.283137 1.009459 1.000000 0.002524 
2.285654 1.009652 1.000000 0.002526 
2.288174 1.009847 1.000000 0.002528 
2.290695 1.010046 1.000000 0.002530 
2.293218 1.010247 1.000000 0.002532 
2.295743 1.010450 1.000000 0.002534 
2.298269 1.010657 1.000000 0.002536 
2.300798 1.010866 1.000000 0.002538 
2.303328 1.011078 1.000000 0.002540 
2.305861 1.011293 1.000000 0.002542 
2.308395 1.011510 1.000000 0.002544 
2.310930 1.011731 1.000000 0.002547 
2.313468 1.011954 1.000000 0.002549 
2.316008 1.012180 1.000000 0.002551 
2.318549 1.012410 1.000000 0.002553 
2.321093 1.012642 1.000000 0.002555 
2.323638 1.012877 1.000000 0.002557 
2.326185 1.013115 1.000000 0.002559 
2.328734 1.013356 1.000000 0.002561 
2.331285 1.013600 1.000000 0.002564 
2.333838 1.013848 1.000000 0.002566 
2.336392 1.014098 1.000000 0.002568 
2.338949 1.014352 1.000000 0.002570 
2.341508 1.014608 1.000000 0.002572 
2.344068 1.014868 1.000000 0.002575 
2.346630 1.015131 1.000000 0.002577 
2.349195 1.015398 1.000000 0.002579 
2.351761 1.015667 1.000000 0.002581 
2.354329 1.015940 1.000000 0.002584 
2.356899 1.016217 1.000000 0.002586 
2.359471 1.016496 1.000000 0.002588 
2.362045 1.016779 1.000000 0.002591 
2.364621 1.017066 1.000000 0.002593 
2.367198 1.017355 1.000000 0.002595 
2.369778 1.017649 1.000000 0.002597 
2.372360 1.017945 1.000000 0.002600 
2.374943 1.018246 1.000000 0.002602 
2.377529 1.018550 1.000000 0.002604 
2.380116 1.018857 1.000000 0.002607 
2.382706 1.019168 1.000000 0.002609 
2.385297 1.019483 1.000000 0.002612 
2.387890 1.019801 1.000000 0.002614 
2.390485 1.020123 1.000000 0.002616 
2.393082 1.020448 1.000000 0.002619 
2.395681 1.020778 1.000000 0.002621 
2.398282 1.021111 1.000000 0.002623 
2.400885 1.021448 1.000000 0.002626 
2.403490 1.021789 1.000000 0.002628 
2.406097 1.022133 1.000000 0.002631 
2.408705 1.022482 1.000000 0.002633 
2.411316 1.022834 1.000000 0.002635 
2.413929 1.023191 1.000000 0.002638 
2.416543 1.023551 1.000000 0.002640 
2.419159 1.023915 1.000000 0.002643 
2.421778 1.024284 1.000000 0.002645 
2.424398 1.024656 1.000000 0.002648 
2.427020 1.025033 1.000000 0.002650 
2.429644 1.025413 1.000000 0.002653 
2.432270 1.025798 1.000000 0.002655 
2.434897 1.026187 1.000000 0.002658 
2.437527 1.026580 1.000000 0.002660 
2.440158 1.026977 1.000000 0.002663 
2.442792 1.027379 1.000000 0.002665 
2.445427 1.027785 1.000000 0.002668 
2.448064 1.028195 1.000000 0.002670 
2.450703 1.028610 1.000000 0.002673 
2.453344 1.029029 1.000000 0.002675 
2.455986 1.029452 1.000000 0.002678 
2.458631 1.029880 1.000000 0.002680 
2.461277 1.030312 1.000000 0.002683 
2.463925 1.030749 1.000000 0.002685 
2.466575 1.031190 1.000000 0.002688 
2.469227 1.031636 1.000000 0.002690 
2.471880 1.032086 1.000000 0.002693 
2.474536 1.032541 1.000000 0.002695 
2.477193 1.033001 1.000000 0.002698 
2.479852 1.033465 1.000000 0.002700 
2.482512 1.033934 1.000000 0.002703 
2.485175 1.034408 1.000000 0.002705 
2.487839 1.034887 1.000000 0.002708 
2.490505 1.035370 1.000000 0.002711 
2.493172 1.035858 1.000000 0.002713 
2.495841 1.036351 1.000000 0.002716 
2.498512 1.036849 1.000000 0.002718 
2.501185 1.037352 1.000000 0.002721 
2.503860 1.037860 1.000000 0.002723 
2.506536 1.038372 1.000000 0.002726 
2.509213 1.038890 1.000000 0.002729 
2.511893 1.039413 1.000000 0.002731 
2.514574 1.039941 1.000000 0.002734 
2.517256 1.040474 1.000000 0.002736 
2.519940 1.041012 1.000000 0.002739 
2.522626 1.041555 1.000000 0.002741 
2.525314 1.042103 1.000000 0.002744 
2.528003 1.042657 1.000000 0.002747 
2.530693 1.043216 1.000000 0.002749 
2.533385 1.043780 1.000000 0.002752 
2.536079 1.044349 1.000000 0.002754 
2.538774 1.044924 1.000000 0.002757 
2.541471 1.045504 1.000000 0.002760 
2.544169 1.046090 1.000000 0.002762 
2.546868 1.046681 1.000000 0.002765 
2.549569 1.047277 1.000000 0.002767 
2.552272 1.047879 1.000000 0.002770 
2.554976 1.048486 1.000000 0.002773 
2.557681 1.049099 1.000000 0.002775 
2.560388 1.049718 1.000000 0.002778 
2.563096 1.050342 1.000000 0.002780 
2.565805 1.050972 1.000000 0.002783 
2.568516 1.051607 1.000000 0.002786 
2.571228 1.052248 1.000000 0.002788 
2.573942 1.052895 1.000000 0.002791 
2.576656 1.053547 1.000000 0.002793 
2.579372 1.054206 1.000000 0.002796 
2.582090 1.054870 1.000000 0.002799 
2.584808 1.055540 1.000000 0.002801 
2.587528 1.056216 1.000000 0.002804 
2.590249 1.056897 1.000000 0.002806 
2.592971 1.057585 1.000000 0.002809 
2.595694 1.058279 1.000000 0.002812 
2.598419 1.058978 1.000000 0.002814 
2.601144 1.059684 1.000000 0.002817 
2.603871 1.060396 1.000000 0.002819 
2.606599 1.061113 1.000000 0.002822 
2.609327 1.061837 1.000000 0.002824 
2.612057 1.062567 1.000000 0.002827 
2.614788 1.063303 1.000000 0.002830 
2.617520 1.064045 1.000000 0.002832 
2.620253 1.064794 1.000000 0.002835 
2.622986 1.065549 1.000000 0.002837 
2.625721 1.066310 1.000000 0.002840 
2.628457 1.067077 1.000000 0.002842 
2.631193 1.067850 1.000000 0.002845 
2.633931 1.068630 1.000000 0.002848 
2.636669 1.069417 1.000000 0.002850 
2.639408 1.070209 1.000000 0.002853 
2.642148 1.071009 1.000000 0.002855 
2.644888 1.071814 1.000000 0.002858 
2.647630 1.072626 1.000000 0.002860 
2.650372 1.073445 1.000000 0.002863 
2.653115 1.074270 1.000000 0.002866 
2.655858 1.075102 1.000000 0.002868 
2.658602 1.075940 1.000000 0.002871 
2.661347 1.076785 1.000000 0.002873 
2.664092 1.077637 1.000000 0.002876 
2.666838 1.078495 1.000000 0.002878 
2.669585 1.079360 1.000000 0.002881 
2.672332 1.080232 1.000000 0.002883 
2.675079 1.081111 1.000000 0.002886 
2.677827 1.081996 1.000000 0.002888 
2.680576 1.082888 1.000000 0.002891 
2.683324 1.083787 1.000000 0.002893 
2.686074 1.084693 1.000000 0.002896 
2.688823 1.085606 1.000000 0.002898 
2.691573 1.086525 1.000000 0.002901 
2.694323 1.087452 1.000000 0.002903 
2.697074 1.088385 1.000000 0.002906 
2.699825 1.089326 1.000000 0.002908 
2.702576 1.090273 1.000000 0.002911 
2.705327 1.091228 1.000000 0.002913 
2.708078 1.092190 1.000000 0.002916 
2.710829 1.093158 1.000000 0.002918 
2.713581 1.094134 1.000000 0.002921 
2.716333 1.095117 1.000000 0.002923 
2.719084 1.096107 1.000000 0.002926 
2.721836 1.097105 1.000000 0.002928 
2.724588 1.098109 1.000000 0.002931 
2.727339 1.099121 1.000000 0.002933 
2.730091 1.100140 1.000000 0.002935 
2.732842 1.101167 1.000000 0.002938 
2.735594 1.102200 1.000000 0.002940 
2.738345 1.103241 1.000000 0.002943 
2.741096 1.104290 1.000000 0.002945 
2.743847 1.105346 1.000000 0.002948 
2.746597 1.106409 1.000000 0.002950 
2.749347 1.107479 1.000000 0.002952 
2.752097 1.108557 1.000000 0.002955 
2.754847 1.109643 1.000000 0.002957 
2.757596 1.110736 1.000000 0.002960 
2.760344 1.111836 1.000000 0.002962 
2.763093 1.112944 1.000000 0.002964 
2.765840 1.114060 1.000000 0.002967 
2.768588 1.115183 1.000000 0.002969 
2.771334 1.116314 1.000000 0.002971 
2.774080 1.117452 1.000000 0.002974 
2.776826 1.118599 1.000000 0.002976 
2.779570 1.119752 1.000000 0.002979 
2.782314 1.120914 1.000000 0.002981 
2.785058 1.122083 1.000000 0.002983 
2.787800 1.123260 1.000000 0.002986 
2.790542 1.124444 1.000000 0.002988 
2.793283 1.125637 1.000000 0.002990 
2.796023 1.126837 1.000000 0.002993 
2.798762 1.128045 1.000000 0.002995 
2.801500 1.129260 1.000000 0.002997 
2.804238 1.130484 1.000000 0.002999 
2.806974 1.131716 1.000000 0.003002 
2.809709 1.132955 1.000000 0.003004 
2.812443 1.134202 1.000000 0.003006 
2.815176 1.135457 1.000000 0.003009 
2.817908 1.136721 1.000000 0.003011 
2.820638 1.137992 1.000000 0.003013 
2.823368 1.139271 1.000000 0.003015 
2.826096 1.140558 1.000000 0.003018 
2.828822 1.141853 1.000000 0.003020 
2.831548 1.143156 1.000000 0.003022 
2.834272 1.144467 1.000000 0.003024 
2.836994 1.145786 1.000000 0.003026 
2.839715 1.147114 1.000000 0.003029 
2.842435 1.148449 1.000000 0.003031 
2.845153 1.149792 1.000000 0.003033 
2.847870 1.151144 1.000000 0.003035 
2.850584 1.152504 1.000000 0.003037 
2.853298 1.153872 1.000000 0.003040 
2.856009 1.155248 1.000000 0.003042 
2.858719 1.156632 1.000000 0.003044 
2.861427 1.158024 1.000000 0.003046 
2.864133 1.159425 1.000000 0.003048 
2.866837 1.160834 1.000000 0.003050 
2.869540 1.162251 1.000000 0.003053 
2.872240 1.163677 1.000000 0.003055 
2.874939 1.165110 1.000000 0.003057 
2.877635 1.166552 1.000000 0.003059 
2.880330 1.168003 1.000000 0.003061 
2.883022 1.169461 1.000000 0.003063 
2.885712 1.170928 1.000000 0.003065 
2.888400 1.172403 1.000000 0.003067 
2.891086 1.173887 1.000000 0.003069 
2.893770 1.175379 1.000000 0.003071 
2.896451 1.176879 1.000000 0.003073 
2.899130 1.178388 1.000000 0.003076 
2.901806 1.179905 1.000000 0.003078 
2.904480 1.181431 1.000000 0.003080 
2.907152 1.182965 1.000000 0.003082 
2.909821 1.184507 1.000000 0.003084 
2.912487 1.186058 1.000000 0.003086 
2.915151 1.187617 1.000000 0.003088 
2.917813 1.189185 1.000000 0.003090 
2.920471 1.190761 1.000000 0.003092 
2.923127 1.192346 1.000000 0.003094 
2.925780 1.193939 1.000000 0.003096 
2.928430 1.195541 1.000000 0.003098 
2.931078 1.197151 1.000000 0.003100 
2.933722 1.198770 1.000000 0.003102 
2.936364 1.200397 1.000000 0.003104 
2.939002 1.202033 1.000000 0.003105 
2.941638 1.203678 1.000000 0.003107 
2.944270 1.205331 1.000000 0.003109 
2.946900 1.206992 1.000000 0.003111 
2.949526 1.208662 1.000000 0.003113 
2.952149 1.210341 1.000000 0.003115 
2.954769 1.212028 1.000000 0.003117 
2.957385 1.213724 1.000000 0.003119 
2.959998 1.215428 1.000000 0.003121 
2.962608 1.217141 1.000000 0.003123 
2.965214 1.218863 1.000000 0.003124 
2.967817 1.220593 1.000000 0.003126 
2.970416 1.222332 1.000000 0.003128 
2.973012 1.224079 1.000000 0.003130 
2.975604 1.225835 1.000000 0.003132 
2.978193 1.227600 1.000000 0.003134 
2.980778 1.229373 1.000000 0.003136 
2.983359 1.231155 1.000000 0.003137 
2.985936 1.232945 1.000000 0.003139 
2.988509 1.234744 1.000000 0.003141 
2.991079 1.236552 1.000000 0.003143 
2.993645 1.238369 1.000000 0.003144 
2.996206 1.240194 1.000000 0.003146 
2.998764 1.242028 1.000000 0.003148 
3.001317 1.243870 1.000000 0.003150 
3.003867 1.245721 1.000000 0.003151 
3.006412 1.247581 1.000000 0.003153 
3.008954 1.249449 1.000000 0.003155 
3.011490 1.251326 1.000000 0.003157 
3.014023 1.253212 1.000000 0.003158 
3.016551 1.255106 1.000000 0.003160 
3.019075 1.257009 1.000000 0.003162 
3.021595 1.258921 1.000000 0.003163 
3.024110 1.260841 1.000000 0.003165 
3.026620 1.262770 1.000000 0.003167 
3.029126 1.264708 1.000000 0.003169 
3.031628 1.266654 1.000000 0.003170 
3.034124 1.268609 1.000000 0.003172 
3.036616 1.270573 1.000000 0.003173 
3.039104 1.272545 1.000000 0.003175 
3.041586 1.274526 1.000000 0.003177 
3.044064 1.276515 1.000000 0.003178 
3.046536 1.278513 1.000000 0.003180 
3.049004 1.280520 1.000000 0.003182 
3.051467 1.282535 1.000000 0.003183 
3.053925 1.284559 1.000000 0.003185 
3.056377 1.286592 1.000000 0.003186 
3.058825 1.288633 1.000000 0.003188 
3.061267 1.290683 1.000000 0.003189 
3.063705 1.292741 1.000000 0.003191 
3.066137 1.294808 1.000000 0.003192 
3.068563 1.296884 1.000000 0.003194 
3.070985 1.298968 1.000000 0.003196 
3.073400 1.301061 1.000000 0.003197 
3.075811 1.303163 1.000000 0.003199 
3.078216 1.305272 1.000000 0.003200 
3.080615 1.307391 1.000000 0.003202 
3.083009 1.309518 1.000000 0.003203 
3.085397 1.311654 1.000000 0.003205 
3.087780 1.313798 1.000000 0.003206 
3.090157 1.315950 1.000000 0.003207 
3.092528 1.318112 1.000000 0.003209 
3.094893 1.320281 1.000000 0.003210 
3.097252 1.322460 1.000000 0.003212 
3.099606 1.324646 1.000000 0.003213 
3.101953 1.326841 1.000000 0.003215 
3.104295 1.329045 1.000000 0.003216 
3.106630 1.331257 1.000000 0.003217 
3.108959 1.333478 1.000000 0.003219 
3.111283 1.335707 1.000000 0.003220 
3.113599 1.337944 1.000000 0.003222 
3.115910 1.340190 1.000000 0.003223 
3.118215 1.342444 1.000000 0.003224 
3.120513 1.344707 1.000000 0.003226 
3.122805 1.346978 1.000000 0.003227 
3.125090 1.349257 1.000000 0.003228 
3.127369 1.351545 1.000000 0.003230 
3.129641 1.353841 1.000000 0.003231 
3.131907 1.356146 1.000000 0.003232 
3.134166 1.358459 1.000000 0.003234 
3.136419 1.360780 1.000000 0.003235 
3.138664 1.363109 1.000000 0.003236 
3.140903 1.365447 1.000000 0.003238 
3.143136 1.367792 1.000000 0.003239 
3.145361 1.370147 1.000000 0.003240 
3.147580 1.372509 1.000000 0.003241 
3.149791 1.374879 1.000000 0.003243 
3.151996 1.377258 1.000000 0.003244 
3.154194 1.379645 1.000000 0.003245 
3.156384 1.382040 1.000000 0.003246 
3.158568 1.384443 1.000000 0.003248 
3.160744 1.386855 1.000000 0.003249 
3.162913 1.389274 1.000000 0.003250 
3.165075 1.391702 1.000000 0.003251 
3.167229 1.394137 1.000000 0.003252 
3.169377 1.396581 1.000000 0.003254 
3.171516 1.399033 1.000000 0.003255 
3.173649 1.401493 1.000000 0.003256 
3.175774 1.403960 1.000000 0.003257 
3.177891 1.406436 1.000000 0.003258 
3.180001 1.408920 1.000000 0.003259 
3.182103 1.411411 1.000000 0.003261 
3.184198 1.413911 1.000000 0.003262 
3.186284 1.416418 1.000000 0.003263 
3.188364 1.418934 1.000000 0.003264 
3.190435 1.421457 1.000000 0.003265 
3.192498 1.423988 1.000000 0.003266 
3.194554 1.426527 1.000000 0.003267 
3.196602 1.429073 1.000000 0.003268 
3.198641 1.431628 1.000000 0.003269 
3.200673 1.434190 1.000000 0.003270 
3.202697 1.436760 1.000000 0.003272 
3.204712 1.439337 1.000000 0.003273 
3.206720 1.441923 1.000000 0.003274 
3.208719 1.444516 1.000000 0.003275 
3.210710 1.447116 1.000000 0.003276 
3.212693 1.449724 1.000000 0.003277 
3.214667 1.452340 1.000000 0.003278 
3.216633 1.454963 1.000000 0.003279 
3.218591 1.457594 1.000000 0.003280 
3.220540 1.460232 1.000000 0.003281 
3.222481 1.462878 1.000000 0.003282 
3.224413 1.465531 1.000000 0.003283 
3.226336 1.468192 1.000000 0.003284 
3.228251 1.470860 1.000000 0.003285 
3.230158 1.473536 1.000000 0.003286 
3.232055 1.476218 1.000000 0.003287 
3.233944 1.478909 1.000000 0.003288 
3.235824 1.481606 1.000000 0.003288 
3.237696 1.484311 1.000000 0.003289 
3.239558 1.487023 1.000000 0.003290 
3.241412 1.489742 1.000000 0.003291 
3.243256 1.492468 1.000000 0.003292 
3.245092 1.495201 1.000000 0.003293 
3.246918 1.497942 1.000000 0.003294 
3.248736 1.500690 1.000000 0.003295 
3.250544 1.503444 1.000000 0.003296 
3.252343 1.506206 1.000000 0.003297 
3.254133 1.508975 1.000000 0.003297 
3.255914 1.511751 1.000000 0.003298 
3.257686 1.514534 1.000000 0.003299 
3.259448 1.517323 1.000000 0.003300 
3.261201 1.520120 1.000000 0.003301 
3.262944 1.522923 1.000000 0.003302 
3.264678 1.525733 1.000000 0.003303 
3.266403 1.528550 1.000000 0.003303 
3.268118 1.531374 1.000000 0.003304 
3.269823 1.534204 1.000000 0.003305 
3.271519 1.537041 1.000000 0.003306 
3.273205 1.539885 1.000000 0.003307 
3.274882 1.542736 1.000000 0.003307 
3.276549 1.545593 1.000000 0.003308 
3.278206 1.548456 1.000000 0.003309 
3.279853 1.551326 1.000000 0.003310 
3.281491 1.554203 1.000000 0.003310 
3.283119 1.557086 1.000000 0.003311 
3.284737 1.559975 1.000000 0.003312 
3.286344 1.562871 1.000000 0.003313 
3.287942 1.565774 1.000000 0.003313 
3.289530 1.568682 1.000000 0.003314 
3.291108 1.571597 1.000000 0.003315 
3.292676 1.574518 1.000000 0.003316 
3.294234 1.577445 1.000000 0.003316 
3.295781 1.580379 1.000000 0.003317 
3.297319 1.583318 1.000000 0.003318 
3.298846 1.586264 1.000000 0.003318 
3.300363 1.589216 1.000000 0.003319 
3.301869 1.592173 1.000000 0.003320 
3.303366 1.595137 1.000000 0.003320 
3.304851 1.598107 1.000000 0.003321 
3.306327 1.601082 1.000000 0.003322 
3.307792 1.604064 1.000000 0.003322 
3.309247 1.607051 1.000000 0.003323 
3.310691 1.610044 1.000000 0.003324 
3.312124 1.613043 1.000000 0.003324 
3.313548 1.616048 1.000000 0.003325 
3.314960 1.619058 1.000000 0.003326 
3.316362 1.622074 1.000000 0.003326 
3.317753 1.625095 1.000000 0.003327 
3.319133 1.628123 1.000000 0.003327 
3.320503 1.631155 1.000000 0.003328 
3.321862 1.634193 1.000000 0.003329 
3.323210 1.637237 1.000000 0.003329 
3.324548 1.640286 1.000000 0.003330 
3.325874 1.643340 1.000000 0.003330 
3.327190 1.646400 1.000000 0.003331 
3.328495 1.649465 1.000000 0.003331 
3.329788 1.652535 1.000000 0.003332 
3.331071 1.655610 1.000000 0.003332 
3.332343 1.658691 1.000000 0.003333 
3.333604 1.661776 1.000000 0.003334 
3.334853 1.664867 1.000000 0.003334 
3.336092 1.667963 1.000000 0.003335 
3.337319 1.671064 1.000000 0.003335 
3.338536 1.674169 1.000000 0.003336 
3.339741 1.677280 1.000000 0.003336 
3.340935 1.680395 1.000000 0.003337 
3.342117 1.683515 1.000000 0.003337 
3.343289 1.686641 1.000000 0.003338 
3.344449 1.689770 1.000000 0.003338 
3.345598 1.692905 1.000000 0.003339 
3.346735 1.696044 1.000000 0.003339 
3.347861 1.699187 1.000000 0.003339 
3.348976 1.702336 1.000000 0.003340 
3.350079 1.705488 1.000000 0.003340 
3.351170 1.708646 1.000000 0.003341 
3.352251 1.711807 1.000000 0.003341 
3.353319 1.714973 1.000000 0.003342 
3.354377 1.718144 1.000000 0.003342 
3.355422 1.721318 1.000000 0.003343 
3.356456 1.724497 1.000000 0.003343 
3.357479 1.727680 1.000000 0.003343 
3.358489 1.730867 1.000000 0.003344 
3.359489 1.734059 1.000000 0.003344 
3.360476 1.737254 1.000000 0.003345 
3.361452 1.740453 1.000000 0.003345 
3.362416 1.743657 1.000000 0.003345 
3.363368 1.746864 1.000000 0.003346 
3.364308 1.750075 1.000000 0.003346 
3.365237 1.753290 1.000000 0.003347 
3.366154 1.756509 1.000000 0.003347 
3.367059 1.759731 1.000000 0.003347 
3.367952 1.762957 1.000000 0.003348 
3.368833 1.766187 1.000000 0.003348 
3.369702 1.769420 1.000000 0.003348 
3.370560 1.772657 1.000000 0.003349 
3.371405 1.775897 1.000000 0.003349 
3.372239 1.779141 1.000000 0.003349 
3.373060 1.782388 1.000000 0.003350 
3.373870 1.785639 1.000000 0.003350 
3.374667 1.788893 1.000000 0.003350 
3.375452 1.792150 1.000000 0.003351 
3.376226 1.795410 1.000000 0.003351 
3.376987 1.798674 1.000000 0.003351 
3.377736 1.801940 1.000000 0.003351 
3.378473 1.805210 1.000000 0.003352 
3.379198 1.808482 1.000000 0.003352 
3.379910 1.811758 1.000000 0.003352 
3.380611 1.815036 1.000000 0.003353 
3.381299 1.818318 1.000000 0.003353 
3.381975 1.821602 1.000000 0.003353 
3.382639 1.824889 1.000000 0.003353 
3.383290 1.828178 1.000000 0.003354 
3.383930 1.831471 1.000000 0.003354 
3.384557 1.834766 1.000000 0.003354 
3.385171 1.838063 1.000000 0.003354 
3.385774 1.841363 1.000000 0.003355 
3.386364 1.844665 1.000000 0.003355 
3.386942 1.847970 1.000000 0.003355 
3.387507 1.851277 1.000000 0.003355 
3.388060 1.854587 1.000000 0.003355 
3.388601 1.857899 1.000000 0.003356 
3.389129 1.861212 1.000000 0.003356 
3.389645 1.864529 1.000000 0.003356 
3.390149 1.867847 1.000000 0.003356 
3.390640 1.871167 1.000000 0.003356 
3.391118 1.874489 1.000000 0.003357 
3.391584 1.877813 1.000000 0.003357 
3.392038 1.881140 1.000000 0.003357 
3.392479 1.884468 1.000000 0.003357 
3.392908 1.887797 1.000000 0.003357 
3.393324 1.891129 1.000000 0.003357 
3.393728 1.894462 1.000000 0.003358 
3.394119 1.897797 1.000000 0.003358 
3.394498 1.901133 1.000000 0.003358 
3.394864 1.904471 1.000000 0.003358 
3.395217 1.907811 1.000000 0.003358 
3.395558 1.911152 1.000000 0.003358 
3.395887 1.914494 1.000000 0.003358 
3.396203 1.917838 1.000000 0.003359 
3.396506 1.921182 1.000000 0.003359 
3.396797 1.924529 1.000000 0.003359 
3.397075 1.927876 1.000000 0.003359 
3.397340 1.931224 1.000000 0.003359 
3.397593 1.934574 1.000000 0.003359 
3.397833 1.937924 1.000000 0.003359 
3.398061 1.941276 1.000000 0.003359 
3.398276 1.944628 1.000000 0.003359 
3.398479 1.947982 1.000000 0.003359 
3.398668 1.951336 1.000000 0.003360 
3.398846 1.954691 1.000000 0.003360 
3.399010 1.958046 1.000000 0.003360 
3.399162 1.961402 1.000000 0.003360 
3.399301 1.964759 1.000000 0.003360 
3.399428 1.968117 1.000000 0.003360 
3.399542 1.971474 1.000000 0.003360 
3.399643 1.974833 1.000000 0.003360 
3.399731 1.978191 1.000000 0.003360 
3.399807 1.981550 1.000000 0.003360 
3.399871 1.984910 1.000000 0.003360 
3.399921 1.988269 1.000000 0.003360 
3.399959 1.991629 1.000000 0.003360 
3.399984 1.994989 1.000000 0.003360 
3.399997 1.998335 1.000000 0.003331 
